1.681004202510506307e+00 1.003696744270314412e+00
1.681009202523006341e+00 9.996567699911538263e-01
1.681014202535506374e+00 9.988808135624303031e-01
1.681019202548006408e+00 9.959200962777309263e-01
1.681024202560506442e+00 1.006075151664750145e+00
1.681029202573006476e+00 9.942302032304599635e-01
1.681034202585506510e+00 9.958726120018897010e-01
1.681039202598006543e+00 1.000707752887426638e+00
1.681044202610506577e+00 9.988745573746470319e-01
1.681049202623006611e+00 9.985760604611445546e-01
1.681054202635506645e+00 1.006226687617732818e+00
1.681059202648006679e+00 9.933228464699327409e-01
1.681064202660506712e+00 1.003539850089596674e+00
1.681069202673006746e+00 9.982937278276070581e-01
1.681074202685506780e+00 1.007769106580697960e+00
1.681079202698006814e+00 9.964028449158416345e-01
1.681084202710506847e+00 9.978249768846572110e-01
1.681089202723006881e+00 9.942938773685398024e-01
1.681094202735506915e+00 1.008322021393263324e+00
1.681099202748006949e+00 1.004236271704782135e+00
1.681104202760506983e+00 1.003705761565868215e+00
1.681109202773007016e+00 9.978576329481017027e-01
1.681114202785507050e+00 1.003611243713823376e+00
1.681119202798007084e+00 1.009028907425387089e+00
1.681124202810507118e+00 1.004047671138330600e+00
1.681129202823006930e+00 9.949750359456858151e-01
1.681134202835506963e+00 9.951508385231484510e-01
1.681139202848006997e+00 9.967468944499568995e-01
1.681144202860507031e+00 9.937148964266097062e-01
1.681149202873007065e+00 9.987172573035807410e-01
1.681154202885507098e+00 9.925991789381019004e-01
1.681159202898007132e+00 9.903258310903710893e-01
1.681164202910507166e+00 9.959512309873940206e-01
1.681169202923007200e+00 1.003245552219540704e+00
1.681174202935507234e+00 1.012547801739704045e+00
1.681179202948007267e+00 9.979030764321388247e-01
1.681184202960507301e+00 9.930861854020206492e-01
1.681189202973007335e+00 1.005121222056081898e+00
1.681194202985507369e+00 1.006683777308404526e+00
1.681199202998007403e+00 9.990369359787942827e-01
1.681204203010507436e+00 9.965618553739424845e-01
1.681209203023007470e+00 1.002080809403498307e+00
1.681214203035507504e+00 9.982716822714794436e-01
1.681219203048007538e+00 1.010852907893218466e+00
1.681224203060507572e+00 9.961060339351354154e-01
1.681229203073007605e+00 1.002625956254913797e+00
1.681234203085507639e+00 1.005424381965210223e+00
1.681239203098007673e+00 9.951520117253093156e-01
1.681244203110507707e+00 9.995588511529224229e-01
1.681249203123007741e+00 1.000165443793622932e+00
1.681254203135507774e+00 9.997717714154864543e-01
1.681259203148007808e+00 1.003451417298939496e+00
1.681264203160507842e+00 1.000230863220012756e+00
1.681269203173007876e+00 1.004185012953534573e+00
1.681274203185507909e+00 1.001420550978134427e+00
1.681279203198007943e+00 1.001921531688680700e+00
1.681284203210507977e+00 1.007460081667853391e+00
1.681289203223008011e+00 9.941444695050729585e-01
1.681294203235508045e+00 9.982531492939029638e-01
1.681299203248008078e+00 1.000769608756899798e+00
1.681304203260508112e+00 1.001466776448536766e+00
1.681309203273008146e+00 1.010089125907666752e+00
1.681314203285508180e+00 1.000828873653892170e+00
1.681319203298008214e+00 9.955467285616687034e-01
1.681324203310508247e+00 1.002643529802254463e+00
1.681329203323008281e+00 9.878448916876612085e-01
1.681334203335508315e+00 1.010490266303036622e+00
1.681339203348008349e+00 1.007285353627120461e+00
1.681344203360508383e+00 9.939391352609262542e-01
1.681349203373008416e+00 9.973590945944776909e-01
1.681354203385508450e+00 1.002368622244320218e+00
1.681359203398008484e+00 1.005876424795492996e+00
1.681364203410508518e+00 9.978400494613418603e-01
1.681369203423008551e+00 9.992955785777135613e-01
1.681374203435508585e+00 1.003438025783631504e+00
1.681379203448008619e+00 1.002690771733884878e+00
1.681384203460508653e+00 1.003944522017303553e+00
1.681389203473008687e+00 9.990027332986199937e-01
1.681394203485508720e+00 9.960300827526501477e-01
1.681399203498008754e+00 9.964981129397403325e-01
1.681404203510508788e+00 9.974060952442437289e-01
1.681409203523008822e+00 9.940749371144036450e-01
1.681414203535508856e+00 9.980966321261158791e-01
1.681419203548008889e+00 9.925538845529567888e-01
1.681424203560508923e+00 1.011592298298872539e+00
1.681429203573008957e+00 1.002443769571583543e+00
1.681434203585508991e+00 9.981749267824620020e-01
1.681439203598009025e+00 1.003315483964393406e+00
1.681444203610509058e+00 1.001332570345955464e+00
1.681449203623009092e+00 9.952147224914261736e-01
1.681454203635509126e+00 9.922108736757434544e-01
1.681459203648009160e+00 9.971648598962653542e-01
1.681464203660509193e+00 1.003897964911228069e+00
1.681469203673009227e+00 9.942474718070635209e-01
1.681474203685509261e+00 1.004285630802777662e+00
1.681479203698009295e+00 9.994271053823430284e-01
1.681484203710509329e+00 9.957357942465288048e-01
1.681489203723009362e+00 1.005156929903113561e+00
1.681494203735509396e+00 9.935284373420802950e-01
1.681499203748009430e+00 9.901845237959915336e-01
1.681504203760509464e+00 1.000890676862135065e+00
1.681509203773009498e+00 9.995039193746074746e-01
1.681514203785509531e+00 1.005452124080360665e+00
1.681519203798009565e+00 1.000143616012825865e+00
1.681524203810509599e+00 1.007998726880583451e+00
1.681529203823009633e+00 1.003654463477187342e+00
1.681534203835509667e+00 9.965501369483505956e-01
1.681539203848009700e+00 9.926054699659609959e-01
1.681544203860509734e+00 9.962953383958952358e-01
1.681549203873009768e+00 9.898759446333494916e-01
1.681554203885509802e+00 9.937434483923585082e-01
1.681559203898009835e+00 9.946079105866716397e-01
1.681564203910509647e+00 9.979423727955377688e-01
1.681569203923009681e+00 9.929145432296996310e-01
1.681574203935509715e+00 1.001099885547947377e+00
1.681579203948009749e+00 9.996336333257958007e-01
1.681584203960509782e+00 1.006390511057127846e+00
1.681589203973009816e+00 1.006859381935148567e+00
1.681594203985509850e+00 9.975946621526280422e-01
1.681599203998009884e+00 1.004289187741403744e+00
1.681604204010509918e+00 1.018165997122091326e+00
1.681609204023009951e+00 9.928649351106686449e-01
1.681614204035509985e+00 1.006794313822940712e+00
1.681619204048010019e+00 9.981006397451875900e-01
1.681624204060510053e+00 9.940969207329189983e-01
1.681629204073010087e+00 1.006272385577681616e+00
1.681634204085510120e+00 9.977033099882348655e-01
1.681639204098010154e+00 9.981247739004861508e-01
1.681644204110510188e+00 9.994197276874648983e-01
1.681649204123010222e+00 1.008603471895229697e+00
1.681654204135510255e+00 1.008121981879326778e+00
1.681659204148010289e+00 9.946668608609687823e-01
1.681664204160510323e+00 9.987426023905503492e-01
1.681669204173010357e+00 1.005652402077070739e+00
1.681674204185510391e+00 1.002947800172620418e+00
1.681679204198010424e+00 9.968446695632996457e-01
1.681684204210510458e+00 9.948585778088224751e-01
1.681689204223010492e+00 1.007336021982047747e+00
1.681694204235510526e+00 9.966823342570422239e-01
1.681699204248010560e+00 1.006365767524527000e+00
1.681704204260510593e+00 9.936158351882288242e-01
1.681709204273010627e+00 1.000023477106758207e+00
1.681714204285510661e+00 9.919046940817854985e-01
1.681719204298010695e+00 1.002778377172968360e+00
1.681724204310510729e+00 9.983707552450306055e-01
1.681729204323010762e+00 1.001102105767637029e+00
1.681734204335510796e+00 9.929340350231639079e-01
1.681739204348010830e+00 1.005709874806215876e+00
1.681744204360510864e+00 9.941587609651779678e-01
1.681749204373010897e+00 1.009393592957359420e+00
1.681754204385510931e+00 1.002176134359977766e+00
1.681759204398010965e+00 9.992837011555353310e-01
1.681764204410510999e+00 9.886833737695918112e-01
1.681769204423011033e+00 9.953255855002460795e-01
1.681774204435511066e+00 1.005980946160307088e+00
1.681779204448011100e+00 1.001822006728290360e+00
1.681784204460511134e+00 1.005011412562625051e+00
1.681789204473011168e+00 9.900882614943352644e-01
1.681794204485511202e+00 9.984652019494215658e-01
1.681799204498011235e+00 1.007385333113016923e+00
1.681804204510511269e+00 9.953624440772828041e-01
1.681809204523011303e+00 1.003975647780942282e+00
1.681814204535511337e+00 1.004056184515084826e+00
1.681819204548011371e+00 1.002544979925911628e+00
1.681824204560511404e+00 1.000163547840973388e+00
1.681829204573011438e+00 9.944258910376774230e-01
1.681834204585511472e+00 9.998179703579641586e-01
1.681839204598011506e+00 9.983269521955754344e-01
1.681844204610511539e+00 9.941402507816432532e-01
1.681849204623011573e+00 1.007047040652207848e+00
1.681854204635511607e+00 1.004923154889215020e+00
1.681859204648011641e+00 9.926390596189028637e-01
1.681864204660511675e+00 9.942004095968756117e-01
1.681869204673011708e+00 9.993847956192305482e-01
1.681874204685511742e+00 9.942627989218583151e-01
1.681879204698011776e+00 9.980154500736455603e-01
1.681884204710511810e+00 1.000681957648525966e+00
1.681889204723011844e+00 1.004777419816536232e+00
1.681894204735511877e+00 1.002284026542615392e+00
1.681899204748011911e+00 1.000881989768771074e+00
1.681904204760511945e+00 9.993372593365305034e-01
1.681909204773011979e+00 1.002723462640255248e+00
1.681914204785512013e+00 1.006099249500127080e+00
1.681919204798012046e+00 1.007452007373342617e+00
1.681924204810512080e+00 1.008600744430704799e+00
1.681929204823012114e+00 1.007570886568890156e+00
1.681934204835512148e+00 9.905255432276434124e-01
1.681939204848012182e+00 9.890659246248548753e-01
1.681944204860512215e+00 1.002754204112271896e+00
1.681949204873012249e+00 1.002838924045436508e+00
1.681954204885512283e+00 1.000983065314331011e+00
1.681959204898012317e+00 1.003491561117464625e+00
1.681964204910512350e+00 9.953929555078604441e-01
1.681969204923012384e+00 1.003077238560866835e+00
1.681974204935512418e+00 1.003338673824143434e+00
1.681979204948012452e+00 1.001063378212497357e+00
1.681984204960512486e+00 9.973407156216916869e-01
1.681989204973012519e+00 9.967623938137607498e-01
1.681994204985512553e+00 9.923692463102673500e-01
1.681999204998012587e+00 1.006158276905722682e+00
1.682004205010512399e+00 9.968546412544112556e-01
1.682009205023012433e+00 9.990953116184688731e-01
1.682014205035512466e+00 9.994684932623734142e-01
1.682019205048012500e+00 9.959959367133466301e-01
1.682024205060512534e+00 1.001717226468229471e+00
1.682029205073012568e+00 9.916677930465731539e-01
1.682034205085512601e+00 1.001598337790398530e+00
1.682039205098012635e+00 1.005325443029516430e+00
1.682044205110512669e+00 1.003452632426100832e+00
1.682049205123012703e+00 1.005376281706696240e+00
1.682054205135512737e+00 9.870044341296556611e-01
1.682059205148012770e+00 9.939692304410203683e-01
1.682064205160512804e+00 1.002084093175979795e+00
1.682069205173012838e+00 9.943463534497034573e-01
1.682074205185512872e+00 1.001889956957231043e+00
1.682079205198012906e+00 1.000054332488867104e+00
1.682084205210512939e+00 1.005275667391769767e+00
1.682089205223012973e+00 9.948087572966578529e-01
1.682094205235513007e+00 9.929695248357393034e-01
1.682099205248013041e+00 1.001185871920382553e+00
1.682104205260513075e+00 1.000983156889200698e+00
1.682109205273013108e+00 9.970991520386054408e-01
1.682114205285513142e+00 1.002960543118348591e+00
1.682119205298013176e+00 9.984736545874186575e-01
1.682124205310513210e+00 9.960246812129842642e-01
1.682129205323013244e+00 1.001277775327186426e+00
1.682134205335513277e+00 9.960968191528773996e-01
1.682139205348013311e+00 9.957888396470889747e-01
1.682144205360513345e+00 9.944530954962731428e-01
1.682149205373013379e+00 1.003107264856186731e+00
1.682154205385513412e+00 1.001535000616507132e+00
1.682159205398013446e+00 1.000231361277208020e+00
1.682164205410513480e+00 9.905595679874868997e-01
1.682169205423013514e+00 1.003403861355447013e+00
1.682174205435513548e+00 9.971767668063152845e-01
1.682179205448013581e+00 1.006195856864996241e+00
1.682184205460513615e+00 1.004192562658578591e+00
1.682189205473013649e+00 1.003652755486540871e+00
1.682194205485513683e+00 1.002647669022010746e+00
1.682199205498013717e+00 9.959847238802359559e-01
1.682204205510513750e+00 9.942020267493290042e-01
1.682209205523013784e+00 9.965189991422070959e-01
1.682214205535513818e+00 1.002853330294183998e+00
1.682219205548013852e+00 9.981777998539080876e-01
1.682224205560513886e+00 9.991676524233235046e-01
1.682229205573013919e+00 1.012516523627434495e+00
1.682234205585513953e+00 1.003834774775843819e+00
1.682239205598013987e+00 9.959270584662003323e-01
1.682244205610514021e+00 9.966106914830076269e-01
1.682249205623014054e+00 9.998862981696785557e-01
1.682254205635514088e+00 9.930016555100327214e-01
1.682259205648014122e+00 1.000421320316845941e+00
1.682264205660514156e+00 9.968922966215719716e-01
1.682269205673014190e+00 1.007529661128684362e+00
1.682274205685514223e+00 1.005154741838413246e+00
1.682279205698014257e+00 9.974301158598750661e-01
1.682284205710514291e+00 9.985593448305771780e-01
1.682289205723014325e+00 1.010322656614572434e+00
1.682294205735514359e+00 9.995887564003471670e-01
1.682299205748014392e+00 1.010924012631671198e+00
1.682304205760514426e+00 9.953551599616102807e-01
1.682309205773014460e+00 9.999717738569028347e-01
1.682314205785514494e+00 9.997655468426472902e-01
1.682319205798014528e+00 9.937341430854786939e-01
1.682324205810514561e+00 1.002888328564180975e+00
1.682329205823014595e+00 1.004638308949818093e+00
1.682334205835514629e+00 1.010966866796271013e+00
1.682339205848014663e+00 1.010022520105782640e+00
1.682344205860514696e+00 1.003450890232910453e+00
1.682349205873014730e+00 1.000344208743641383e+00
1.682354205885514764e+00 1.004317497424499273e+00
1.682359205898014798e+00 9.982141671904325442e-01
1.682364205910514832e+00 1.000594986074127668e+00
1.682369205923014865e+00 1.006407968721840129e+00
1.682374205935514899e+00 1.000368948411916037e+00
1.682379205948014933e+00 1.003918170130901899e+00
1.682384205960514967e+00 9.898131005735009147e-01
1.682389205973015001e+00 9.983880492955955477e-01
1.682394205985515034e+00 1.000195701297734496e+00
1.682399205998015068e+00 9.966626945356429346e-01
1.682404206010515102e+00 9.989217715385436680e-01
1.682409206023015136e+00 1.007279834884902359e+00
1.682414206035515170e+00 1.001627385436957729e+00
1.682419206048015203e+00 1.004422446234771060e+00
1.682424206060515237e+00 9.907020547366662822e-01
1.682429206073015271e+00 1.000902240244941233e+00
1.682434206085515305e+00 1.005740307370295072e+00
1.682439206098015116e+00 1.003745620738874633e+00
1.682444206110515150e+00 1.006135738901521304e+00
1.682449206123015184e+00 1.004054525370288165e+00
1.682454206135515218e+00 1.007360748306360021e+00
1.682459206148015252e+00 1.004396692521618117e+00
1.682464206160515285e+00 9.916147741225352918e-01
1.682469206173015319e+00 9.895696657641713800e-01
1.682474206185515353e+00 9.938136165036767222e-01
1.682479206198015387e+00 9.997820885387097567e-01
1.682484206210515421e+00 9.987360973249881368e-01
1.682489206223015454e+00 9.898343814170865729e-01
1.682494206235515488e+00 9.935465025780821913e-01
1.682499206248015522e+00 9.907315567357528607e-01
1.682504206260515556e+00 9.971969668045026491e-01
1.682509206273015590e+00 9.883311529386770156e-01
1.682514206285515623e+00 9.936535169275848567e-01
1.682519206298015657e+00 9.983118911328966449e-01
1.682524206310515691e+00 9.856001302710384326e-01
1.682529206323015725e+00 9.977521266752371609e-01
1.682534206335515758e+00 9.866362763760884169e-01
1.682539206348015792e+00 9.888484570858742106e-01
1.682544206360515826e+00 9.841218827834641303e-01
1.682549206373015860e+00 9.907582532485276205e-01
1.682554206385515894e+00 9.942370745653594799e-01
1.682559206398015927e+00 9.879357185752836168e-01
1.682564206410515961e+00 9.902048245406538385e-01
1.682569206423015995e+00 9.845479452095025064e-01
1.682574206435516029e+00 9.871987706453708711e-01
1.682579206448016063e+00 9.785139175584913751e-01
1.682584206460516096e+00 9.869890543279022932e-01
1.682589206473016130e+00 9.863850698661094096e-01
1.682594206485516164e+00 9.805377989017571849e-01
1.682599206498016198e+00 9.781650512319689517e-01
1.682604206510516232e+00 9.683932617099583195e-01
1.682609206523016265e+00 9.861904160052528123e-01
1.682614206535516299e+00 9.880318544841900641e-01
1.682619206548016333e+00 9.798240840171930088e-01
1.682624206560516367e+00 9.748507541728992365e-01
1.682629206573016400e+00 9.782166389324350453e-01
1.682634206585516434e+00 9.819466444254865145e-01
1.682639206598016468e+00 9.882787148871957639e-01
1.682644206610516502e+00 9.857600067252157983e-01
1.682649206623016536e+00 9.773054872451367725e-01
1.682654206635516569e+00 9.758746848376989025e-01
1.682659206648016603e+00 9.780089711210888659e-01
1.682664206660516637e+00 9.786206374734032210e-01
1.682669206673016671e+00 9.743752372542838769e-01
1.682674206685516705e+00 9.732853191068949750e-01
1.682679206698016738e+00 9.723536544059017128e-01
1.682684206710516772e+00 9.755502711641347302e-01
1.682689206723016806e+00 9.783822609251704439e-01
1.682694206735516840e+00 9.725993570550196532e-01
1.682699206748016874e+00 9.833103119011601390e-01
1.682704206760516907e+00 9.751676386727206047e-01
1.682709206773016941e+00 9.702520230852421657e-01
1.682714206785516975e+00 9.715223312764670327e-01
1.682719206798017009e+00 9.721848473304388616e-01
1.682724206810517042e+00 9.776491813705868728e-01
1.682729206823017076e+00 9.828372304984013264e-01
1.682734206835517110e+00 9.766055730923279832e-01
1.682739206848017144e+00 9.742559153345186074e-01
1.682744206860517178e+00 9.816517934150743585e-01
1.682749206873017211e+00 9.650660984151047117e-01
1.682754206885517245e+00 9.712767014988241687e-01
1.682759206898017279e+00 9.757907594793514550e-01
1.682764206910517313e+00 9.780968760695953890e-01
1.682769206923017347e+00 9.644818253238430783e-01
1.682774206935517380e+00 9.802263834140914067e-01
1.682779206948017414e+00 9.719392403945528169e-01
1.682784206960517448e+00 9.696326350132891125e-01
1.682789206973017482e+00 9.740328938029610972e-01
1.682794206985517516e+00 9.708167230308991646e-01
1.682799206998017549e+00 9.750100578983366129e-01
1.682804207010517583e+00 9.730297880518488096e-01
1.682809207023017617e+00 9.727512693186830539e-01
1.682814207035517651e+00 9.706567686746135903e-01
1.682819207048017685e+00 9.824984512981040918e-01
1.682824207060517718e+00 9.685010491695655865e-01
1.682829207073017752e+00 9.796788432000835822e-01
1.682834207085517786e+00 9.853557140711610707e-01
1.682839207098017820e+00 9.762313501297606999e-01
1.682844207110517853e+00 9.696119811281603829e-01
1.682849207123017887e+00 9.756538714458273809e-01
1.682854207135517921e+00 9.727719737431513858e-01
1.682859207148017955e+00 9.801358996074439611e-01
1.682864207160517989e+00 9.707976868714871532e-01
1.682869207173018022e+00 9.834381068875300835e-01
1.682874207185518056e+00 9.777833472053746311e-01
1.682879207198017868e+00 9.716544960727746538e-01
1.682884207210517902e+00 9.791386771172810866e-01
1.682889207223017936e+00 9.737240451426251164e-01
1.682894207235517969e+00 9.745661293257464886e-01
1.682899207248018003e+00 9.780625158135027863e-01
1.682904207260518037e+00 9.705507949593650263e-01
1.682909207273018071e+00 9.849453340702118975e-01
1.682914207285518104e+00 9.754198437303653879e-01
1.682919207298018138e+00 9.725403583015880260e-01
1.682924207310518172e+00 9.775406623128164441e-01
1.682929207323018206e+00 9.785926961362555465e-01
1.682934207335518240e+00 9.692387070550166905e-01
1.682939207348018273e+00 9.744841745761566587e-01
1.682944207360518307e+00 9.843264506610218678e-01
1.682949207373018341e+00 9.758468633346858434e-01
1.682954207385518375e+00 9.779992278556172147e-01
1.682959207398018409e+00 9.826687362708437234e-01
1.682964207410518442e+00 9.693732092986914184e-01
1.682969207423018476e+00 9.795682035491698469e-01
1.682974207435518510e+00 9.797979360306341423e-01
1.682979207448018544e+00 9.775767321872966820e-01
1.682984207460518578e+00 9.722973065999205300e-01
1.682989207473018611e+00 9.768378039638008214e-01
1.682994207485518645e+00 9.767023454347115718e-01
1.682999207498018679e+00 9.766326456048628479e-01
1.683004207510518713e+00 9.837595183812930522e-01
1.683009207523018746e+00 9.747439816959181380e-01
1.683014207535518780e+00 9.779413589029162246e-01
1.683019207548018814e+00 9.773943755530312139e-01
1.683024207560518848e+00 9.759838847715717192e-01
1.683029207573018882e+00 9.746662075253719193e-01
1.683034207585518915e+00 9.686766501530630347e-01
1.683039207598018949e+00 9.659562581311433860e-01
1.683044207610518983e+00 9.821244731549231277e-01
1.683049207623019017e+00 9.681480444591548107e-01
1.683054207635519051e+00 9.770942534695153947e-01
1.683059207648019084e+00 9.731786267676066915e-01
1.683064207660519118e+00 9.788256705389667411e-01
1.683069207673019152e+00 9.691659444769071818e-01
1.683074207685519186e+00 9.759153142234632261e-01
1.683079207698019220e+00 9.692983601916396186e-01
1.683084207710519253e+00 9.733470575516077750e-01
1.683089207723019287e+00 9.707300948084095493e-01
1.683094207735519321e+00 9.736414356373965795e-01
1.683099207748019355e+00 9.822380715851600774e-01
1.683104207760519389e+00 9.758334601323138680e-01
1.683109207773019422e+00 9.748028898419766053e-01
1.683114207785519456e+00 9.668316070267202189e-01
1.683119207798019490e+00 9.727135331186146372e-01
1.683124207810519524e+00 9.681050117030326474e-01
1.683129207823019557e+00 9.790845231381941627e-01
1.683134207835519591e+00 9.848156343550865666e-01
1.683139207848019625e+00 9.695772232413011338e-01
1.683144207860519659e+00 9.750875022873967124e-01
1.683149207873019693e+00 9.751224723975848718e-01
1.683154207885519726e+00 9.697179159051232400e-01
1.683159207898019760e+00 9.776446515466761245e-01
1.683164207910519794e+00 9.779241375039486872e-01
1.683169207923019828e+00 9.700672109521852882e-01
1.683174207935519862e+00 9.792317869065145786e-01
1.683179207948019895e+00 9.864217836222362035e-01
1.683184207960519929e+00 9.736509301327941346e-01
1.683189207973019963e+00 9.639119490449159500e-01
1.683194207985519997e+00 9.750330525012268490e-01
1.683199207998020031e+00 9.842967228357170084e-01
1.683204208010520064e+00 9.782840736474647247e-01
1.683209208023020098e+00 9.723490911015594262e-01
1.683214208035520132e+00 9.667307472222705922e-01
1.683219208048020166e+00 9.726783431355939813e-01
1.683224208060520199e+00 9.790918333640100668e-01
1.683229208073020233e+00 9.732440134668964848e-01
1.683234208085520267e+00 9.708149049144267906e-01
1.683239208098020301e+00 9.717470101582366127e-01
1.683244208110520335e+00 9.614628537106773010e-01
1.683249208123020368e+00 9.744847761149894039e-01
1.683254208135520402e+00 9.787327375298391363e-01
1.683259208148020436e+00 9.754578546873241551e-01
1.683264208160520470e+00 9.821696171139606690e-01
1.683269208173020504e+00 9.763370150376610157e-01
1.683274208185520537e+00 9.781913555203619604e-01
1.683279208198020571e+00 9.789760736251498230e-01
1.683284208210520605e+00 9.814602875627396195e-01
1.683289208223020639e+00 9.725746780019649540e-01
1.683294208235520673e+00 9.664233531838323232e-01
1.683299208248020706e+00 9.753243690667856569e-01
1.683304208260520740e+00 9.812486228630425966e-01
1.683309208273020774e+00 9.742815130823984093e-01
1.683314208285520586e+00 9.793815432159184153e-01
1.683319208298020619e+00 9.725973176583025959e-01
1.683324208310520653e+00 9.746789263657915647e-01
1.683329208323020687e+00 9.708395654175995260e-01
1.683334208335520721e+00 9.816388875982224871e-01
1.683339208348020755e+00 9.746175012795180725e-01
1.683344208360520788e+00 9.698260794805833029e-01
1.683349208373020822e+00 9.743567976382071505e-01
1.683354208385520856e+00 9.675258577170107177e-01
1.683359208398020890e+00 9.764576422428734581e-01
1.683364208410520924e+00 9.730801441266530016e-01
1.683369208423020957e+00 9.717442259047779363e-01
1.683374208435520991e+00 9.719361960956116597e-01
1.683379208448021025e+00 9.718471400928124782e-01
1.683384208460521059e+00 9.779113072959217945e-01
1.683389208473021093e+00 9.666488335850578206e-01
1.683394208485521126e+00 9.630778956637094934e-01
1.683399208498021160e+00 9.682196873210833221e-01
1.683404208510521194e+00 9.766853596276964256e-01
1.683409208523021228e+00 9.803073270408054762e-01
1.683414208535521261e+00 9.773826607373450326e-01
1.683419208548021295e+00 9.702263175802210426e-01
1.683424208560521329e+00 9.714487738203115841e-01
1.683429208573021363e+00 9.712021706359228457e-01
1.683434208585521397e+00 9.702482996164443207e-01
1.683439208598021430e+00 9.636934359917643800e-01
1.683444208610521464e+00 9.660490730220493427e-01
1.683449208623021498e+00 9.777474682659694771e-01
1.683454208635521532e+00 9.818777170702049917e-01
1.683459208648021566e+00 9.857947242695851431e-01
1.683464208660521599e+00 9.668201780955938407e-01
1.683469208673021633e+00 9.773683772774240941e-01
1.683474208685521667e+00 9.701010128548022138e-01
1.683479208698021701e+00 9.782133736610298946e-01
1.683484208710521735e+00 9.748151031290283042e-01
1.683489208723021768e+00 9.826665840091581838e-01
1.683494208735521802e+00 9.692517577734488521e-01
1.683499208748021836e+00 9.700978167030073207e-01
1.683504208760521870e+00 9.753931454397253287e-01
1.683509208773021903e+00 9.800065965430857506e-01
1.683514208785521937e+00 9.735510365817631184e-01
1.683519208798021971e+00 9.671585116306065100e-01
1.683524208810522005e+00 9.740645063700018591e-01
1.683529208823022039e+00 9.727934813529725000e-01
1.683534208835522072e+00 9.706569506895839083e-01
1.683539208848022106e+00 9.676121373110567747e-01
1.683544208860522140e+00 9.822315752604788841e-01
1.683549208873022174e+00 9.662339027263635582e-01
1.683554208885522208e+00 9.704897183796575844e-01
1.683559208898022241e+00 9.772249968177322277e-01
1.683564208910522275e+00 9.710929175533616897e-01
1.683569208923022309e+00 9.754765053408013253e-01
1.683574208935522343e+00 9.783213918266318032e-01
1.683579208948022377e+00 9.778820566884576237e-01
1.683584208960522410e+00 9.716873640192971173e-01
1.683589208973022444e+00 9.696556513030042401e-01
1.683594208985522478e+00 9.758941545904942227e-01
1.683599208998022512e+00 9.724936170046033501e-01
1.683604209010522545e+00 9.833657411050480412e-01
1.683609209023022579e+00 9.741188194251205745e-01
1.683614209035522613e+00 9.775945561838446096e-01
1.683619209048022647e+00 9.854483329433644245e-01
1.683624209060522681e+00 9.804007704392523337e-01
1.683629209073022714e+00 9.695747832728588422e-01
1.683634209085522748e+00 9.663065831045782872e-01
1.683639209098022782e+00 9.736244056944979297e-01
1.683644209110522816e+00 9.745293676459387822e-01
1.683649209123022850e+00 9.738080269164228753e-01
1.683654209135522883e+00 9.759860647199281036e-01
1.683659209148022917e+00 9.768574955733474452e-01
1.683664209160522951e+00 9.691660718791684781e-01
1.683669209173022985e+00 9.713438724321802331e-01
1.683674209185523019e+00 9.789178171957404473e-01
1.683679209198023052e+00 9.762986929004970893e-01
1.683684209210523086e+00 9.723450361654453200e-01
1.683689209223023120e+00 9.708266017598069508e-01
1.683694209235523154e+00 9.795452512461875205e-01
1.683699209248023188e+00 9.685191348176346304e-01
1.683704209260523221e+00 9.691272491132408851e-01
1.683709209273023255e+00 9.700962853356678295e-01
1.683714209285523289e+00 9.848089520943904551e-01
1.683719209298023323e+00 9.814355476599395667e-01
1.683724209310523356e+00 9.811910693383372184e-01
1.683729209323023390e+00 9.686113931459727766e-01
1.683734209335523424e+00 9.803805811462390496e-01
1.683739209348023458e+00 9.756158474171074957e-01
1.683744209360523492e+00 9.847609004466543192e-01
1.683749209373023303e+00 9.767204697376625777e-01
1.683754209385523337e+00 9.707877744718500512e-01
1.683759209398023371e+00 9.751011383681738032e-01
1.683764209410523405e+00 9.767484329875213422e-01
1.683769209423023439e+00 9.785466818849042347e-01
1.683774209435523472e+00 9.799037287134932939e-01
1.683779209448023506e+00 9.827107002696110483e-01
1.683784209460523540e+00 9.762809063938068244e-01
1.683789209473023574e+00 9.780892510972819531e-01
1.683794209485523607e+00 9.704948758471523274e-01
1.683799209498023641e+00 9.742399517033898393e-01
1.683804209510523675e+00 9.723362225540809201e-01
1.683809209523023709e+00 9.839695470118090537e-01
1.683814209535523743e+00 9.745808443750634265e-01
1.683819209548023776e+00 9.782555062362291443e-01
1.683824209560523810e+00 9.730578146263099137e-01
1.683829209573023844e+00 9.737048394035264787e-01
1.683834209585523878e+00 9.777160373415313410e-01
1.683839209598023912e+00 9.708647780787520443e-01
1.683844209610523945e+00 9.767983893776963633e-01
1.683849209623023979e+00 9.821377551726334643e-01
1.683854209635524013e+00 9.692333683466817229e-01
1.683859209648024047e+00 9.737107745969704187e-01
1.683864209660524081e+00 9.790123309665644813e-01
1.683869209673024114e+00 9.747818502949358033e-01
1.683874209685524148e+00 9.781040672479177633e-01
1.683879209698024182e+00 9.715906350888032783e-01
1.683884209710524216e+00 9.687011239158949127e-01
1.683889209723024249e+00 9.800374299682333978e-01
1.683894209735524283e+00 9.772786082262683305e-01
1.683899209748024317e+00 9.714473240191369152e-01
1.683904209760524351e+00 9.620202262244679225e-01
1.683909209773024385e+00 9.746635374194136947e-01
1.683914209785524418e+00 9.760020433256521022e-01
1.683919209798024452e+00 9.803965636405077566e-01
1.683924209810524486e+00 9.722576364491735124e-01
1.683929209823024520e+00 9.802667526063578718e-01
1.683934209835524554e+00 9.746573027987829319e-01
1.683939209848024587e+00 9.737095171961501761e-01
1.683944209860524621e+00 9.734089874503393247e-01
1.683949209873024655e+00 9.665154172926393450e-01
1.683954209885524689e+00 9.748961836678547987e-01
1.683959209898024723e+00 9.773811307738117238e-01
1.683964209910524756e+00 9.730413337385086514e-01
1.683969209923024790e+00 9.820845803076132530e-01
1.683974209935524824e+00 9.821845412773732020e-01
1.683979209948024858e+00 9.746475290251562784e-01
1.683984209960524892e+00 9.764655944796623022e-01
1.683989209973024925e+00 9.833779244224188920e-01
1.683994209985524959e+00 9.717846194526289505e-01
1.683999209998024993e+00 9.815370775472994636e-01
1.684004210010525027e+00 9.736421039237959096e-01
1.684009210023025060e+00 9.764431776605495550e-01
1.684014210035525094e+00 9.679310489832704256e-01
1.684019210048025128e+00 9.694524527561241278e-01
1.684024210060525162e+00 9.697970474710343458e-01
1.684029210073025196e+00 9.746722127716356265e-01
1.684034210085525229e+00 9.691250148365431194e-01
1.684039210098025263e+00 9.724054087115974188e-01
1.684044210110525297e+00 9.830613435563856362e-01
1.684049210123025331e+00 9.674377205818301961e-01
1.684054210135525365e+00 9.738375162762354931e-01
1.684059210148025398e+00 9.869059720228321453e-01
1.684064210160525432e+00 9.773117732921117184e-01
1.684069210173025466e+00 9.744440465601632573e-01
1.684074210185525500e+00 9.745928401114397621e-01
1.684079210198025534e+00 9.729502081558191184e-01
1.684084210210525567e+00 9.764479066929688811e-01
1.684089210223025601e+00 9.730194237587357353e-01
1.684094210235525635e+00 9.734471627725737042e-01
1.684099210248025669e+00 9.702479921570200672e-01
1.684104210260525702e+00 9.775893800705361958e-01
1.684109210273025736e+00 9.831331922390147415e-01
1.684114210285525770e+00 9.698604817381951682e-01
1.684119210298025804e+00 9.802180662175100645e-01
1.684124210310525838e+00 9.803068127364497064e-01
1.684129210323025871e+00 9.822371894333131737e-01
1.684134210335525905e+00 9.805126170933721186e-01
1.684139210348025939e+00 9.776202782618802489e-01
1.684144210360525973e+00 9.821855455820439618e-01
1.684149210373026007e+00 9.753152501339529268e-01
1.684154210385526040e+00 9.804521407332300598e-01
1.684159210398026074e+00 9.820059870125490420e-01
1.684164210410526108e+00 9.789394155359449901e-01
1.684169210423026142e+00 9.832396749102810807e-01
1.684174210435526176e+00 9.817519861002850234e-01
1.684179210448026209e+00 9.830991247888164475e-01
1.684184210460526243e+00 9.766148755054975261e-01
1.684189210473026055e+00 9.876553252168768227e-01
1.684194210485526089e+00 9.888242075125757147e-01
1.684199210498026122e+00 9.835239550183487722e-01
1.684204210510526156e+00 9.920807997515219689e-01
1.684209210523026190e+00 9.909143474807630136e-01
1.684214210535526224e+00 9.892787520232227960e-01
1.684219210548026258e+00 9.879127677113804795e-01
1.684224210560526291e+00 9.904433789099571506e-01
1.684229210573026325e+00 9.930350304867779920e-01
1.684234210585526359e+00 9.940933754458927130e-01
1.684239210598026393e+00 9.890121060443775036e-01
1.684244210610526427e+00 9.895677601679844226e-01
1.684249210623026460e+00 9.908664481868578733e-01
1.684254210635526494e+00 9.960045338441380069e-01
1.684259210648026528e+00 9.835476261352906757e-01
1.684264210660526562e+00 9.920356930322800082e-01
1.684269210673026596e+00 9.945235085266339592e-01
1.684274210685526629e+00 9.902004170144466100e-01
1.684279210698026663e+00 1.001842755771490623e+00
1.684284210710526697e+00 1.009019347679187550e+00
1.684289210723026731e+00 1.002508098007486304e+00
1.684294210735526764e+00 1.001199607180667694e+00
1.684299210748026798e+00 9.954078404583465156e-01
1.684304210760526832e+00 9.934751254778094731e-01
1.684309210773026866e+00 9.952610599462798913e-01
1.684314210785526900e+00 9.984891571730352133e-01
1.684319210798026933e+00 1.003327514854819302e+00
1.684324210810526967e+00 9.968559335807313238e-01
1.684329210823027001e+00 1.004142230605705510e+00
1.684334210835527035e+00 9.994820325474024214e-01
1.684339210848027069e+00 1.000713488217401803e+00
1.684344210860527102e+00 9.937504427572777521e-01
1.684349210873027136e+00 9.972322741340557961e-01
1.684354210885527170e+00 9.962712732748486566e-01
1.684359210898027204e+00 9.910048217217188871e-01
1.684364210910527238e+00 9.939352506942067400e-01
1.684369210923027271e+00 9.971308493739932111e-01
1.684374210935527305e+00 9.985851417255287021e-01
1.684379210948027339e+00 9.895992718695991730e-01
1.684384210960527373e+00 9.987339986874769204e-01
1.684389210973027406e+00 1.006208122539258509e+00
1.684394210985527440e+00 9.923997248504689006e-01
1.684399210998027474e+00 1.007309779485928258e+00
1.684404211010527508e+00 1.000862030551355586e+00
1.684409211023027542e+00 9.981297996157006969e-01
1.684414211035527575e+00 1.003362528563376488e+00
1.684419211048027609e+00 9.922682074017603604e-01
1.684424211060527643e+00 1.008452027645816207e+00
1.684429211073027677e+00 9.958916665218403574e-01
1.684434211085527711e+00 1.004068336099567249e+00
1.684439211098027744e+00 1.002522661395013781e+00
1.684444211110527778e+00 9.860878185971074794e-01
1.684449211123027812e+00 1.004907533831495892e+00
1.684454211135527846e+00 9.968978484096860937e-01
1.684459211148027880e+00 1.003035371084477489e+00
1.684464211160527913e+00 9.949588115636092134e-01
1.684469211173027947e+00 9.935990987831015975e-01
1.684474211185527981e+00 9.935308451726201362e-01
1.684479211198028015e+00 1.002848340435131824e+00
1.684484211210528048e+00 1.003784423522492197e+00
1.684489211223028082e+00 1.000620908003031051e+00
1.684494211235528116e+00 9.884615429536329767e-01
1.684499211248028150e+00 1.006795674741638669e+00
1.684504211260528184e+00 9.988683110297804646e-01
1.684509211273028217e+00 9.957917397819784355e-01
1.684514211285528251e+00 9.993013107003534401e-01
1.684519211298028285e+00 9.942156908581412100e-01
1.684524211310528319e+00 1.003740154325617251e+00
1.684529211323028353e+00 9.986270688155017838e-01
1.684534211335528386e+00 9.948917162763253330e-01
1.684539211348028420e+00 9.977781253073021439e-01
1.684544211360528454e+00 1.007313371634091625e+00
1.684549211373028488e+00 9.951650951949226886e-01
1.684554211385528522e+00 9.952408314279845847e-01
1.684559211398028555e+00 9.931729725543707588e-01
1.684564211410528589e+00 1.010087756006253557e+00
1.684569211423028623e+00 1.010000157707808155e+00
1.684574211435528657e+00 1.000037629257815253e+00
1.684579211448028691e+00 1.004348159060679979e+00
1.684584211460528724e+00 9.971664957511223726e-01
1.684589211473028758e+00 1.000591160145982483e+00
1.684594211485528792e+00 1.007067531458131660e+00
1.684599211498028826e+00 9.968554507084972371e-01
1.684604211510528859e+00 1.010760553185741095e+00
1.684609211523028893e+00 1.002359659598151653e+00
1.684614211535528927e+00 1.003773161576586359e+00
1.684619211548028961e+00 1.001553089629150017e+00
1.684624211560528773e+00 9.968205980870409322e-01
1.684629211573028806e+00 9.972394387873643185e-01
1.684634211585528840e+00 9.996285264732100995e-01
1.684639211598028874e+00 9.986357239562748678e-01
1.684644211610528908e+00 1.000050451716179012e+00
1.684649211623028942e+00 1.004843303492830575e+00
1.684654211635528975e+00 9.991655271725616849e-01
1.684659211648029009e+00 9.981085382979260068e-01
1.684664211660529043e+00 1.017636211992916540e+00
1.684669211673029077e+00 9.926511600087295495e-01
1.684674211685529110e+00 9.842482724432284336e-01
1.684679211698029144e+00 9.952587011243123616e-01
1.684684211710529178e+00 9.955198485671744590e-01
1.684689211723029212e+00 1.010097095949233248e+00
1.684694211735529246e+00 1.003303042243033794e+00
1.684699211748029279e+00 1.000482778586344601e+00
1.684704211760529313e+00 9.986309853626820221e-01
1.684709211773029347e+00 1.001198026749525294e+00
1.684714211785529381e+00 9.973730841687604709e-01
1.684719211798029415e+00 9.972174597565697240e-01
1.684724211810529448e+00 1.005880542431004887e+00
1.684729211823029482e+00 9.968402466980684773e-01
1.684734211835529516e+00 1.003589485686773752e+00
1.684739211848029550e+00 1.004596851859305362e+00
1.684744211860529584e+00 9.965371526973085814e-01
1.684749211873029617e+00 9.938618999571233736e-01
1.684754211885529651e+00 9.944764487115167473e-01
1.684759211898029685e+00 9.984865548797440260e-01
1.684764211910529719e+00 1.000910975310360884e+00
1.684769211923029752e+00 1.001000188337113572e+00
1.684774211935529786e+00 1.002391073365637819e+00
1.684779211948029820e+00 9.993136367600103931e-01
1.684784211960529854e+00 9.971280534397030104e-01
1.684789211973029888e+00 9.895548792010551153e-01
1.684794211985529921e+00 1.001338275306364878e+00
1.684799211998029955e+00 9.877804425223950524e-01
1.684804212010529989e+00 1.002596239310142634e+00
1.684809212023030023e+00 9.961829381403715100e-01
1.684814212035530057e+00 9.995165678143703714e-01
1.684819212048030090e+00 9.991313938472577982e-01
1.684824212060530124e+00 9.912724415343461271e-01
1.684829212073030158e+00 9.912183632044785364e-01
1.684834212085530192e+00 9.988156713747832205e-01
1.684839212098030226e+00 9.993587577063668403e-01
1.684844212110530259e+00 9.933153759911129699e-01
1.684849212123030293e+00 1.001500667790875765e+00
1.684854212135530327e+00 1.002309188690376329e+00
1.684859212148030361e+00 1.003043251127908819e+00
1.684864212160530395e+00 9.929448939526674955e-01
1.684869212173030428e+00 9.962260923912393817e-01
1.684874212185530462e+00 1.004475381782063081e+00
1.684879212198030496e+00 9.941020269181092273e-01
1.684884212210530530e+00 1.003912506722687059e+00
1.684889212223030563e+00 9.960925479455323694e-01
1.684894212235530597e+00 1.004012144490487701e+00
1.684899212248030631e+00 1.005169703629715805e+00
1.684904212260530665e+00 9.976968411363568157e-01
1.684909212273030699e+00 1.000637635837646533e+00
1.684914212285530732e+00 9.970214223332478642e-01
1.684919212298030766e+00 1.006001170990524773e+00
1.684924212310530800e+00 1.003775657263051402e+00
1.684929212323030834e+00 1.004489209137174877e+00
1.684934212335530868e+00 1.006904470012075503e+00
1.684939212348030901e+00 9.933503645098690216e-01
1.684944212360530935e+00 1.004800328679670285e+00
1.684949212373030969e+00 9.948584617721821788e-01
1.684954212385531003e+00 9.922400143650221827e-01
1.684959212398031037e+00 1.004489527400631577e+00
1.684964212410531070e+00 9.963012293014801291e-01
1.684969212423031104e+00 9.963666059139508757e-01
1.684974212435531138e+00 1.000857512499614854e+00
1.684979212448031172e+00 9.983652255576814794e-01
1.684984212460531205e+00 1.002429684388553843e+00
1.684989212473031239e+00 1.000299350900420770e+00
1.684994212485531273e+00 9.901892445159093947e-01
1.684999212498031307e+00 9.995214254277949850e-01
1.685004212510531341e+00 9.999447479239205183e-01
1.685009212523031374e+00 9.918388044463088971e-01
1.685014212535531408e+00 9.917588352227320048e-01
1.685019212548031442e+00 9.964775047284731846e-01
1.685024212560531476e+00 1.003453915436166799e+00
1.685029212573031510e+00 1.009892440300698357e+00
1.685034212585531543e+00 1.000151530810043488e+00
1.685039212598031577e+00 9.994622875406811158e-01
1.685044212610531611e+00 9.977662131803185508e-01
1.685049212623031645e+00 9.937666288917024193e-01
1.685054212635531679e+00 9.937195864338053131e-01
1.685059212648031712e+00 1.003427485782848239e+00
1.685064212660531524e+00 1.001627858718547648e+00
1.685069212673031558e+00 9.990666410680714149e-01
1.685074212685531592e+00 1.001086965555896491e+00
1.685079212698031625e+00 1.000287859965852455e+00
1.685084212710531659e+00 1.008178083859896379e+00
1.685089212723031693e+00 1.004154458272459971e+00
1.685094212735531727e+00 1.005140815174711433e+00
1.685099212748031761e+00 1.004512950376083014e+00
1.685104212760531794e+00 9.961654947111685532e-01
1.685109212773031828e+00 9.988308631644572388e-01
1.685114212785531862e+00 9.997752251715702476e-01
1.685119212798031896e+00 1.000162302020319194e+00
1.685124212810531930e+00 9.930078847786407703e-01
1.685129212823031963e+00 9.954757391656122723e-01
1.685134212835531997e+00 9.989148919045550690e-01
1.685139212848032031e+00 9.981549028658016631e-01
1.685144212860532065e+00 1.005565603690883991e+00
1.685149212873032099e+00 1.011214159997865236e+00
1.685154212885532132e+00 1.004263161353695866e+00
1.685159212898032166e+00 9.999564284693535088e-01
1.685164212910532200e+00 1.008130257643570449e+00
1.685169212923032234e+00 9.911600690821853465e-01
1.685174212935532267e+00 9.949219478048955123e-01
1.685179212948032301e+00 1.001580814426037414e+00
1.685184212960532335e+00 1.001332077853517299e+00
1.685189212973032369e+00 1.002834965905118780e+00
1.685194212985532403e+00 1.005625954689975066e+00
1.685199212998032436e+00 1.001066852577821242e+00
1.685204213010532470e+00 1.003196885580612596e+00
1.685209213023032504e+00 9.953237774839758245e-01
1.685214213035532538e+00 9.937160775727956752e-01
1.685219213048032572e+00 1.006786095367392386e+00
1.685224213060532605e+00 1.000619074099622363e+00
1.685229213073032639e+00 9.992663005096757978e-01
1.685234213085532673e+00 1.006519041396788827e+00
1.685239213098032707e+00 1.003841923235584188e+00
1.685244213110532741e+00 9.977366755591957626e-01
1.685249213123032774e+00 9.947843853631310740e-01
1.685254213135532808e+00 9.959016823112127881e-01
1.685259213148032842e+00 1.005866721400537900e+00
1.685264213160532876e+00 1.007495911107643805e+00
1.685269213173032909e+00 9.993539519321832376e-01
1.685274213185532943e+00 1.002441667134839287e+00
1.685279213198032977e+00 1.004978891205930536e+00
1.685284213210533011e+00 9.994881527623517004e-01
1.685289213223033045e+00 1.004026490834090790e+00
1.685294213235533078e+00 9.969319167390640057e-01
1.685299213248033112e+00 9.989746193499239313e-01
1.685304213260533146e+00 9.949553666793262696e-01
1.685309213273033180e+00 9.995185547820675254e-01
1.685314213285533214e+00 9.976756222391508500e-01
1.685319213298033247e+00 1.002999619291484290e+00
1.685324213310533281e+00 9.925469954037298148e-01
1.685329213323033315e+00 1.003725381085311952e+00
1.685334213335533349e+00 9.949734384576078838e-01
1.685339213348033383e+00 9.983968076067312181e-01
1.685344213360533416e+00 9.982224152092974423e-01
1.685349213373033450e+00 9.976571783062728738e-01
1.685354213385533484e+00 1.000457937995891777e+00
1.685359213398033518e+00 1.007554904786215122e+00
1.685364213410533551e+00 9.994331636719738787e-01
1.685369213423033585e+00 9.994521736226904540e-01
1.685374213435533619e+00 1.000789757990715900e+00
1.685379213448033653e+00 9.915866668628630087e-01
1.685384213460533687e+00 9.930381690513248039e-01
1.685389213473033720e+00 1.003665662940021797e+00
1.685394213485533754e+00 9.963197156347244343e-01
1.685399213498033788e+00 9.934494863602114645e-01
1.685404213510533822e+00 9.953446629209725671e-01
1.685409213523033856e+00 1.010323719544159005e+00
1.685414213535533889e+00 9.952361238342855021e-01
1.685419213548033923e+00 9.997908959027932418e-01
1.685424213560533957e+00 9.966653829613553173e-01
1.685429213573033991e+00 1.003574136849034959e+00
1.685434213585534025e+00 1.001712299720874944e+00
1.685439213598034058e+00 1.002785941873844067e+00
1.685444213610534092e+00 1.002426379348011043e+00
1.685449213623034126e+00 1.001744660580826674e+00
1.685454213635534160e+00 9.934922012840792238e-01
1.685459213648034194e+00 9.900509544266322681e-01
1.685464213660534227e+00 1.006445077502849728e+00
1.685469213673034261e+00 9.941943283087504302e-01
1.685474213685534295e+00 1.001329577876061805e+00
1.685479213698034329e+00 1.012079056664229926e+00
1.685484213710534362e+00 9.967319605547027006e-01
1.685489213723034396e+00 1.005631300274766993e+00
1.685494213735534430e+00 9.930245694581815163e-01
1.685499213748034242e+00 9.988996197728825521e-01
1.685504213760534276e+00 9.954704022608943381e-01
1.685509213773034309e+00 1.002236020925445503e+00
1.685514213785534343e+00 9.983066863621454790e-01
1.685519213798034377e+00 1.000825396087509311e+00
1.685524213810534411e+00 1.004723767811046109e+00
1.685529213823034445e+00 1.006729520967180935e+00
1.685534213835534478e+00 1.001904718395954186e+00
1.685539213848034512e+00 1.011112599509770726e+00
1.685544213860534546e+00 9.946371532172575414e-01
1.685549213873034580e+00 9.947205782955624853e-01
1.685554213885534613e+00 9.970363071786760845e-01
1.685559213898034647e+00 9.995387509162166895e-01
1.685564213910534681e+00 1.005013241190758189e+00
1.685569213923034715e+00 9.992260873104412688e-01
1.685574213935534749e+00 1.002577115303020960e+00
1.685579213948034782e+00 9.957754083768312059e-01
1.685584213960534816e+00 1.000894087280166378e+00
1.685589213973034850e+00 9.990321549243189603e-01
1.685594213985534884e+00 9.945774216090277342e-01
1.685599213998034918e+00 1.001513895574364321e+00
1.685604214010534951e+00 9.957175463427934137e-01
1.685609214023034985e+00 9.991564850566986289e-01
1.685614214035535019e+00 1.000166546049060301e+00
1.685619214048035053e+00 9.974414211149299492e-01
1.685624214060535087e+00 1.000178227663702790e+00
1.685629214073035120e+00 9.986087506630114685e-01
1.685634214085535154e+00 1.000755850892400378e+00
1.685639214098035188e+00 9.950926827635476757e-01
1.685644214110535222e+00 1.000519354872593691e+00
1.685649214123035255e+00 1.008269760015495065e+00
1.685654214135535289e+00 1.004296941225694795e+00
1.685659214148035323e+00 1.006271646548412058e+00
1.685664214160535357e+00 1.001959355737091828e+00
1.685669214173035391e+00 9.968005497766496692e-01
1.685674214185535424e+00 1.005269676495378128e+00
1.685679214198035458e+00 1.003784690613399366e+00
1.685684214210535492e+00 1.000895108001141454e+00
1.685689214223035526e+00 1.008482568520853828e+00
1.685694214235535560e+00 1.003834915044770737e+00
1.685699214248035593e+00 1.010072324814444089e+00
1.685704214260535627e+00 9.971127089314463232e-01
1.685709214273035661e+00 1.006566458176108902e+00
1.685714214285535695e+00 9.951023727274083130e-01
1.685719214298035729e+00 9.950675250241635128e-01
1.685724214310535762e+00 1.003206309685342301e+00
1.685729214323035796e+00 9.995398842421372443e-01
1.685734214335535830e+00 1.001997007670793804e+00
1.685739214348035864e+00 9.926381339250245350e-01
1.685744214360535898e+00 9.988794662793353263e-01
1.685749214373035931e+00 9.980092753561845553e-01
1.685754214385535965e+00 1.001991542316559958e+00
1.685759214398035999e+00 1.003548880370545016e+00
1.685764214410536033e+00 1.006583736797105555e+00
1.685769214423036066e+00 9.997873601248663533e-01
1.685774214435536100e+00 1.002050877971191412e+00
1.685779214448036134e+00 1.002828959272984877e+00
1.685784214460536168e+00 9.999938756425884590e-01
1.685789214473036202e+00 9.945087476658175385e-01
1.685794214485536235e+00 9.986018533841003464e-01
1.685799214498036269e+00 9.959543883825202615e-01
1.685804214510536303e+00 1.000204417721703765e+00
1.685809214523036337e+00 9.986228902083983394e-01
1.685814214535536371e+00 1.000973077699017999e+00
1.685819214548036404e+00 1.002194982892393282e+00
1.685824214560536438e+00 9.942849080454315702e-01
1.685829214573036472e+00 1.002888510022460045e+00
1.685834214585536506e+00 9.998088205253261584e-01
1.685839214598036540e+00 1.001299193396674392e+00
1.685844214610536573e+00 9.906006400531562894e-01
1.685849214623036607e+00 1.000953047179175437e+00
1.685854214635536641e+00 1.002882518643351206e+00
1.685859214648036675e+00 1.008893439077173104e+00
1.685864214660536708e+00 1.005254202600629698e+00
1.685869214673036742e+00 9.972103762272878091e-01
1.685874214685536776e+00 1.005394785724537998e+00
1.685879214698036810e+00 1.003428123264290539e+00
1.685884214710536844e+00 9.904507044951196271e-01
1.685889214723036877e+00 9.951602569104310847e-01
1.685894214735536911e+00 9.981501082169778050e-01
1.685899214748036945e+00 1.000176168602446403e+00
1.685904214760536979e+00 1.002276791598783356e+00
1.685909214773037013e+00 1.006469424145285618e+00
1.685914214785537046e+00 1.002180902154916176e+00
1.685919214798037080e+00 1.002207929683757603e+00
1.685924214810537114e+00 9.842768086185642584e-01
1.685929214823037148e+00 1.002261177614244714e+00
1.685934214835536959e+00 1.004005866195461172e+00
1.685939214848036993e+00 9.955565590196183701e-01
1.685944214860537027e+00 9.997908682511313927e-01
1.685949214873037061e+00 1.002525415605554526e+00
1.685954214885537095e+00 1.004188273807197218e+00
1.685959214898037128e+00 9.950359941574614675e-01
1.685964214910537162e+00 9.970444799077765596e-01
1.685969214923037196e+00 1.005379161946794442e+00
1.685974214935537230e+00 9.965027074744401414e-01
1.685979214948037264e+00 9.985022973707720073e-01
1.685984214960537297e+00 1.002369644865765519e+00
1.685989214973037331e+00 1.001235910260945161e+00
1.685994214985537365e+00 9.972053996304993673e-01
1.685999214998037399e+00 9.926895131040983644e-01
