[array([ 0.34753224,  0.33751909,  0.30806462,  0.26088686,  0.19872895,
        0.12518895,  0.04450025, -0.03872126, -0.11974626, -0.19400047,
       -0.25731758, -0.30616381, -0.33782422, -0.35054342, -0.34361555,
       -0.31742065, -0.27340603, -0.21401327, -0.14255272, -0.06302999,
        0.02006907,  0.10202558,  0.17815475,  0.24407813,  0.29598423,
        0.33086009,  0.3466771 ,  0.34251712,  0.31862916,  0.27641228,
        0.21832644,  0.14773864,  0.06871643, -0.01421593, -0.09634208,
       -0.17302202, -0.23994949, -0.29338495, -0.33035371, -0.34880112,
       -0.34769903, -0.32709972, -0.28813518, -0.23296134, -0.1646486 ,
       -0.08702188, -0.00445632,  0.07836301,  0.15670549,  0.22606912,
        0.28244764,  0.32257299,  0.34411587,  0.34582948,  0.32762564,
        0.29057767,  0.23685033,  0.16956313,  0.09259783,  0.01036474,
       -0.07245603, -0.15118178, -0.22138778, -0.27914739, -0.32124107,
       -0.3453252 , -0.35005448, -0.33515314, -0.30143214, -0.25075095,
       -0.18592462, -0.1105783 , -0.02895469,  0.05431814,  0.1344871 ,
        0.20694873,  0.26752164,  0.31269865,  0.33986113,  0.34743973,
        0.33500957,  0.30331298,  0.25420903,  0.19055448,  0.11602627,
        0.03489906, -0.04820639, -0.12858797, -0.20172446, -0.26352175,
       -0.31053153, -0.34013296, -0.35067031, -0.34154112, -0.31323117,
       -0.26729414, -0.20627559, -0.13358285, -0.05330501,  0.03000973,
        0.11160926,  0.18681132,  0.25127985,  0.30128572,  0.33393379,
        0.34733983,  0.34074434,  0.31455517,  0.27031662,  0.21060878,
        0.13888576,  0.05926556, -0.02371331, -0.10535256, -0.18105702,
       -0.24658554, -0.29827827, -0.33325026, -0.34954361, -0.34623215,
       -0.32347398, -0.28250915, -0.22560096, -0.15592185, -0.07738703,
        0.00555778,  0.08818487,  0.1657562 ,  0.23380234,  0.28839042,
        0.32636296,  0.34553009,  0.34480149,  0.32424854,  0.28509334,
        0.22962674,  0.1610631 ,  0.0833435 ,  0.00090184, -0.08159075,
       -0.15948797, -0.2284228 , -0.28454215, -0.32471136, -0.34668014,
       -0.34920318, -0.33211005, -0.29632086, -0.24380529, -0.17748502,
       -0.10108186, -0.01891704,  0.06432948,  0.1438872 ,  0.21517522,
        0.27407623,  0.31718583,  0.34201927,  0.34716076,  0.332345  ,
        0.29846597,  0.24751413,  0.18244839,  0.10701356,  0.02551703,
       -0.05742037, -0.13712433, -0.20912371, -0.26939142, -0.31455877,
       -0.3420943 , -0.35043972, -0.33909684, -0.30866114, -0.26079873,
       -0.19816592, -0.12427256, -0.04329398,  0.04016074,  0.12131212,
        0.19549027,  0.25841361,  0.30644749,  0.33682446,  0.34781028,
        0.33880431,  0.31036816,  0.26418227,  0.20293563,  0.13015838,
        0.05001018, -0.03296135, -0.1140771 , -0.18878411, -0.25290139,
       -0.30284304, -0.33580906, -0.3499359 , -0.34440002, -0.31946915,
       -0.27649746, -0.21786252, -0.14684476, -0.06745284,  0.01579779,
        0.0981422 ,  0.17484444,  0.24147962,  0.2942007 ,  0.32997105,
        0.34674654,  0.34359426,  0.32074082,  0.27954848,  0.22242321,
        0.15266318,  0.07425977, -0.00833506, -0.0904607 , -0.16750502,
       -0.23515402, -0.28962249, -0.32785584, -0.34769452, -0.34799362,
       -0.32869172, -0.29082411, -0.23647772, -0.16868715, -0.09127452,
       -0.00863931,  0.07449158,  0.15333938,  0.2233576 ,  0.28050561,
        0.32149258,  0.3439745 ,  0.34669089,  0.32953236,  0.29353646,
        0.24081442,  0.17441627,  0.09814547,  0.01633625, -0.0663924 ,
       -0.14539217, -0.21623756, -0.27496294, -0.31827436, -0.34372699,
       -0.34986019, -0.33628352, -0.30370813, -0.25391977, -0.18969208,
       -0.11464162, -0.03303014,  0.05047674,  0.13108095,  0.20413668,
        0.26542953,  0.31143056,  0.3395075 ,  0.34807854,  0.33669898,
        0.3060767 ,  0.25801795,  0.19530967,  0.1215487 ,  0.04093008,
       -0.04199175, -0.12255544, -0.19624606, -0.25893736, -0.30711244,
       -0.33805334, -0.34999085, -0.34220735, -0.31508615, -0.2701028 ,
       -0.20975608, -0.13743904, -0.05725459,  0.02621593,  0.10817872,
        0.18391142,  0.24904652,  0.29983432,  0.33336723,  0.34774998,
        0.34220487,  0.31710682,  0.27394831,  0.21523962,  0.14435322,
        0.06532426, -0.01737998, -0.09910833, -0.17527894, -0.24162551,
       -0.29442576, -0.33070205, -0.34838535, -0.34643429, -0.32490227,
       -0.28494717, -0.22878037, -0.1595545 , -0.08119337,  0.00182859,
        0.08474538,  0.16278128,  0.23143709,  0.28676072,  0.32558361,
        0.34570642,  0.34602242,  0.32657186,  0.28852631,  0.23410709,
        0.16644575,  0.08939761,  0.00732061, -0.07516739, -0.15344047,
       -0.22311358, -0.28027756, -0.32170993, -0.34505206, -0.34894385,
       -0.33310835, -0.29837988, -0.24667131, -0.18087915, -0.10472863,
       -0.02256525,  0.06089623,  0.14085019,  0.21268777,  0.27227392,
        0.31619466,  0.34195753,  0.34813232,  0.33442459,  0.30167939,
        0.25181827,  0.1877165 ,  0.11303049,  0.03198726, -0.05085163,
       -0.13083926, -0.20349368, -0.26473835, -0.31112197, -0.34000792,
       -0.34972403, -0.33966425, -0.31033496, -0.26334091, -0.20130804,
       -0.12774456, -0.04684557,  0.03674861,  0.118226  ,  0.1928907 ,
        0.256445  ,  0.30524632,  0.33652137,  0.34852369,  0.34062573,
        0.31334203,  0.26828507,  0.20805972,  0.13610544,  0.05649735,
       -0.02628197, -0.10758774, -0.18286347, -0.24788557, -0.29899104,
       -0.33327836, -0.34877146, -0.34453799, -0.32075375, -0.27870723,
       -0.2207407 , -0.15012791, -0.07089289,  0.0124213 ,  0.09501996,
        0.17214318,  0.23935167,  0.2927922 ,  0.32942435,  0.34719411,
        0.34514413,  0.32345608,  0.28342554,  0.22737422,  0.1585077 ,
        0.080729  , -0.00158057, -0.08380154, -0.16132561, -0.22980314,
       -0.2853777 , -0.32489718, -0.34609132, -0.34770596, -0.32958523,
       -0.29269481, -0.23908157, -0.1717686 , -0.09458894, -0.01196605,
        0.07134618,  0.15054719,  0.22107789,  0.27889334,  0.32070104,
        0.34414968,  0.34795697,  0.331971  ,  0.29716425,  0.24556391,
        0.18012588,  0.10456173,  0.02312972, -0.05959898, -0.13898726,
       -0.21058112, -0.27034983, -0.31490635, -0.34169737, -0.34915296,
       -0.3367862 , -0.30523499, -0.25624053, -0.19256021, -0.11781716,
       -0.03629348,  0.04732109,  0.12820888,  0.20171342,  0.2636179 ,
        0.31039406,  0.33940495,  0.34904983,  0.33884418,  0.30943271,
        0.26253825,  0.20085242,  0.127877  ,  0.04772601, -0.03510046,
       -0.11595957, -0.19031519, -0.25398236, -0.30335583, -0.33561185,
       -0.34887235, -0.34232156, -0.31626629, -0.27213329, -0.21240053,
       -0.14046334, -0.06044138,  0.02306282,  0.10523808,  0.18135339,
        0.24704087,  0.29855385,  0.33298286,  0.34841682,  0.3440411 ,
        0.32016971,  0.27821269,  0.22058419,  0.15055883,  0.07208597,
       -0.01042781, -0.0923571 , -0.16910623, -0.23635681, -0.29030329,
       -0.32786537, -0.34686601, -0.34616446, -0.32573469, -0.28668182,
       -0.23119205, -0.16241614, -0.08429098, -0.00130935,  0.08174773,
        0.16009787,  0.22924362,  0.2852384 ,  0.32491467,  0.34606055,
        0.34753556,  0.3293216 ,  0.29250914,  0.23922297,  0.17249437,
        0.09608842,  0.01429624, -0.06829726, -0.14705977, -0.21756096,
       -0.27581385, -0.31849678, -0.34314438, -0.34829639, -0.3335939 ,
       -0.29981474, -0.24884247]), array([-2.13851169e-01, -1.47876297e-01, -7.83839222e-02, -7.02420083e-03,
        6.45032143e-02,  1.34486574e-01,  2.01240441e-01,  2.63144501e-01,
        3.18682058e-01,  3.66477410e-01,  4.05331189e-01,  4.34252655e-01,
        4.52487907e-01,  4.59542933e-01,  4.55200494e-01,  4.39529942e-01,
        4.12889254e-01,  3.75918849e-01,  3.29527041e-01,  2.74867353e-01,
        2.13308286e-01,  1.46396488e-01,  7.58145749e-02,  3.33510652e-03,
       -6.92276484e-02, -1.40066456e-01, -2.07428729e-01, -2.69661505e-01,
       -3.25252489e-01, -3.72866117e-01, -4.11373890e-01, -4.39878487e-01,
       -4.57731429e-01, -4.64544291e-01, -4.60193644e-01, -4.44820015e-01,
       -4.18821274e-01, -3.82840879e-01, -3.37751434e-01, -2.84634017e-01,
       -2.24753712e-01, -1.59531751e-01, -9.05146869e-02, -1.93409826e-02,
        5.22945476e-02,  1.22677990e-01,  1.90114750e-01,  2.52968523e-01,
        3.09700118e-01,  3.58905314e-01,  3.99350833e-01,  4.30007412e-01,
        4.50078923e-01,  4.59026439e-01,  4.56586222e-01,  4.42780703e-01,
        4.17921711e-01,  3.82605477e-01,  3.37699231e-01,  2.84319588e-01,
        2.23803282e-01,  1.57671160e-01,  8.75866655e-02,  1.53102994e-02,
       -5.73483318e-02, -1.28579174e-01, -1.96619452e-01, -2.59798961e-01,
       -3.16581587e-01, -3.65602032e-01, -4.05696932e-01, -4.35929866e-01,
       -4.55610012e-01, -4.64304410e-01, -4.61843972e-01, -4.48323539e-01,
       -4.24096332e-01, -3.89763228e-01, -3.46157295e-01, -2.94324014e-01,
       -2.35497622e-01, -1.71073957e-01, -1.02580217e-01, -3.16420083e-02,
        4.00518922e-02,  1.10786615e-01,  1.78859593e-01,  2.42619670e-01,
        3.00506221e-01,  3.51087466e-01,  3.93097047e-01,  4.25467865e-01,
        4.47362085e-01,  4.58196204e-01,  4.57660137e-01,  4.45729357e-01,
        4.22669314e-01,  3.89031630e-01,  3.45641855e-01,  2.93578938e-01,
        2.34146942e-01,  1.68839891e-01,  9.93009392e-02,  2.72773421e-02,
       -4.54271777e-02, -1.17000973e-01, -1.85672286e-01, -2.49754813e-01,
       -3.07689694e-01, -3.58082853e-01, -3.99736882e-01, -4.31676938e-01,
       -4.53170366e-01, -4.63739997e-01, -4.63171231e-01, -4.51513180e-01,
       -4.29074185e-01, -3.96412133e-01, -3.54319976e-01, -3.03806864e-01,
       -2.46075313e-01, -1.82494777e-01, -1.14572013e-01, -4.39186178e-02,
        2.77838648e-02,  9.88208172e-02,  1.67482893e-01,  2.32105234e-01,
        2.91106859e-01,  3.43029401e-01,  3.86574284e-01,  4.20637282e-01,
        4.44339399e-01,  4.57052931e-01,  4.58421631e-01,  4.48374005e-01,
        4.27128924e-01,  3.95193013e-01,  3.53349574e-01,  3.02639156e-01,
        2.44332274e-01,  1.79895120e-01,  1.10949456e-01,  3.92281183e-02,
       -3.34722735e-02, -1.05339708e-01, -1.74594653e-01, -2.39535867e-01,
       -2.98582823e-01, -3.50313643e-01, -3.93497729e-01, -4.27122515e-01,
       -4.50414049e-01, -4.62851312e-01, -4.64174372e-01, -4.54386596e-01,
       -4.33751249e-01, -4.02782851e-01, -3.62233684e-01, -3.13075858e-01,
       -2.56479318e-01, -1.93786160e-01, -1.26481631e-01, -5.61621720e-02,
        1.54990953e-02,  8.67890141e-02,  1.55992657e-01,  2.21432621e-01,
        2.81508659e-01,  3.34736820e-01,  3.79787180e-01,  4.15519126e-01,
        4.41013081e-01,  4.55597538e-01,  4.58870308e-01,  4.50712953e-01,
        4.31297597e-01,  4.01085511e-01,  3.60817207e-01,  3.11494131e-01,
        2.54352388e-01,  1.90829358e-01,  1.22524319e-01,  5.11545187e-02,
       -2.14917346e-02, -9.36032951e-02, -1.63394070e-01, -2.29149050e-01,
       -2.89267137e-01, -3.42299648e-01, -3.86983664e-01, -4.22269623e-01,
       -4.47342842e-01, -4.61638845e-01, -4.64852572e-01, -4.56941669e-01,
       -4.38124158e-01, -4.08870839e-01, -3.69892805e-01, -3.22124443e-01,
       -2.66702296e-01, -2.04940151e-01, -1.38300688e-01, -6.83640594e-02,
        3.20622045e-03,  7.46996633e-02,  1.44396963e-01,  2.10609340e-01,
        2.71718385e-01,  3.26215576e-01,  3.72740547e-01,  4.10117056e-01,
        4.37385549e-01,  4.53831154e-01,  4.59005982e-01,  4.52744713e-01,
        4.35172585e-01,  4.06705187e-01,  3.68039735e-01,  3.20137887e-01,
        2.64200508e-01,  2.01635196e-01,  1.34017674e-01,  6.30484461e-02,
       -9.49369868e-03, -8.17997073e-02, -1.52078144e-01, -2.18601412e-01,
       -2.79748949e-01, -3.34046283e-01, -3.80199067e-01, -4.17121496e-01,
       -4.43958749e-01, -4.60103313e-01, -4.65205240e-01, -4.59176506e-01,
       -4.42189755e-01, -4.14671753e-01, -3.77291906e-01, -3.30946220e-01,
       -2.76737036e-01, -2.15948894e-01, -1.50020868e-01, -8.05157020e-02,
       -9.08612196e-03,  6.25612580e-02,  1.32703958e-01,  1.99642998e-01,
        2.61742926e-01,  3.17471680e-01,  3.65439371e-01,  4.04434920e-01,
        4.33459427e-01,  4.51755115e-01,  4.58828679e-01,  4.54468003e-01,
        4.38751336e-01,  4.12048289e-01,  3.75012301e-01,  3.28564589e-01,
        2.73869969e-01,  2.12305310e-01,  1.45421720e-01,  7.49018209e-02,
        2.51367980e-03, -6.99369685e-02, -1.40654568e-01, -2.07900118e-01,
       -2.70034718e-01, -3.25559137e-01, -3.73148514e-01, -4.11681580e-01,
       -4.40263996e-01, -4.58245662e-01, -4.65232013e-01, -4.61089441e-01,
       -4.45945106e-01, -4.20181452e-01, -3.84425736e-01, -3.39534954e-01,
       -2.86576460e-01, -2.26804638e-01, -1.61633931e-01, -9.26085618e-02,
       -2.13692996e-02,  5.03823201e-02,  1.20921852e-01,  1.88541299e-01,
        2.51589295e-01,  3.08511289e-01,  3.57888812e-01,  3.98476755e-01,
        4.29237538e-01,  4.49370968e-01,  4.58338637e-01,  4.55881751e-01,
        4.42031500e-01,  4.17111252e-01,  3.81730218e-01,  3.36768548e-01,
        2.83354223e-01,  2.22832462e-01,  1.56728714e-01,  8.67065866e-02,
        1.45222348e-02, -5.80231488e-02, -1.29131111e-01, -1.97052444e-01,
       -2.60131042e-01, -3.16843962e-01, -3.65836769e-01, -4.05953527e-01,
       -4.36261028e-01, -4.56067067e-01, -4.64932762e-01, -4.62679034e-01,
       -4.49387494e-01, -4.25396003e-01, -3.91289237e-01, -3.47884576e-01,
       -2.96213633e-01, -2.37499743e-01, -1.73131713e-01, -1.04634146e-01,
       -3.36346915e-02,  3.81713943e-02,  1.09058910e-01,  1.77312033e-01,
        2.41264623e-01,  2.99340706e-01,  3.50094194e-01,  3.92246786e-01,
        4.24722905e-01,  4.46680469e-01,  4.57536302e-01,  4.56985093e-01,
        4.45010927e-01,  4.21890698e-01,  3.88188968e-01,  3.44744223e-01,
        2.92646848e-01,  2.33209508e-01,  1.67930972e-01,  9.84547148e-02,
        2.65237943e-02, -4.60663585e-02, -1.17515619e-01, -1.86065772e-01,
       -2.50044656e-01, -3.07906677e-01, -3.58268781e-01, -3.99941192e-01,
       -4.31952508e-01, -4.53568929e-01, -4.64307585e-01, -4.63944078e-01,
       -4.52514425e-01, -4.30311684e-01, -3.97877541e-01, -3.55989188e-01,
       -3.05641765e-01, -2.48026688e-01, -1.84506138e-01, -1.16584015e-01,
       -4.58736944e-02,  2.59370424e-02,  9.71234499e-02,  1.65963074e-01,
        2.30776154e-01,  2.89966374e-01,  3.42061006e-01,  3.85749417e-01,
        4.19918749e-01,  4.43685576e-01,  4.56422333e-01,  4.57777372e-01,
        4.47687668e-01,  4.26383439e-01,  3.94384206e-01,  3.52486224e-01,
        3.01741547e-01,  2.43429404e-01,  1.79020880e-01,  1.10138211e-01,
        3.85101858e-02, -3.40747431e-02, -1.05816007e-01, -1.74947588e-01,
       -2.39782425e-01, -2.98753357e-01, -3.50449683e-01, -3.93648635e-01,
       -4.27341319e-01, -4.50752875e-01, -4.63356813e-01, -4.64883591e-01,
       -4.55323629e-01, -4.34924982e-01, -4.04185976e-01, -3.63843066e-01,
       -3.14854214e-01, -2.58378070e-01, -1.95749218e-01, -1.28449785e-01,
       -5.80777287e-02,  1.36878369e-02,  8.51238321e-02,  1.54502373e-01,
        2.20131241e-01,  2.80394869e-01,  3.33794896e-01,  3.78989234e-01,
        4.14828483e-01,  4.40388455e-01,  4.54997598e-01,  4.58258142e-01,
        4.50059979e-01,  4.30586479e-01,  4.00311765e-01,  3.59989318e-01,
        3.10632154e-01,  2.53485208e-01,  1.89990893e-01,  1.21749120e-01,
        5.04732417e-02, -2.20564776e-02, -9.40402505e-02, -1.63705472e-01,
       -2.29351344e-01, -2.89390232e-01, -3.42384784e-01, -3.87080112e-01,
       -4.22430555e-01, -4.47620760e-01, -4.62081008e-01, -4.65496827e-01,
       -4.57813059e-01, -4.39232601e-01, -4.10210070e-01, -3.71440667e-01,
       -3.23844497e-01, -2.68546617e-01, -2.06853063e-01, -1.40223137e-01,
       -7.02382447e-02,  1.43235470e-03,  7.30684568e-02,  1.42937952e-01,
        2.09337336e-01,  2.70632901e-01,  3.25301666e-01,  3.71970997e-01,
        4.09455714e-01,  4.36791475e-01,  4.53263172e-01,  4.58427166e-01,
        4.52126319e-01,  4.34497017e-01,  4.05967656e-01,  3.67248431e-01,
        3.19312639e-01,  2.63370084e-01,  2.00833545e-01,  1.33279530e-01,
        6.24048049e-02, -1.00197611e-02, -8.21963870e-02, -1.52347094e-01,
       -2.18758528e-01, -2.79823684e-01, -3.34079573e-01, -3.80240078e-01,
       -4.17223524e-01, -4.44174661e-01, -4.60480963e-01, -4.65783269e-01,
       -4.59980900e-01, -4.43231463e-01, -4.15945554e-01, -3.78776630e-01,
       -3.32606286e-01, -2.78525186e-01, -2.17809886e-01, -1.51895823e-01,
       -8.23467284e-02, -1.08208284e-02,  6.09657567e-02,  1.31277901e-01,
        1.98401992e-01,  2.60687303e-01,  3.16587272e-01,  3.64699639e-01,
        4.03804237e-01,  4.32897203e-01,  4.51220340e-01,  4.58284416e-01,
        4.53885353e-01,  4.38112448e-01,  4.11348071e-01,  3.74258651e-01,
        3.27777109e-01,  2.73077311e-01,  2.11541451e-01,  1.44721581e-01,
        7.42967342e-02,  2.02718892e-03, -7.02925049e-02, -1.40880214e-01,
       -2.08011210e-01, -2.70060241e-01, -3.25539708e-01, -3.73133181e-01,
       -4.11723747e-01, -4.40416881e-01, -4.58557701e-01, -4.65742630e-01,
       -4.61825561e-01, -4.46918708e-01, -4.21388364e-01, -3.85845782e-01,
       -3.41133421e-01, -2.88306773e-01, -2.28612007e-01, -1.63459670e-01,
       -9.43947079e-02, -2.30631444e-02,  4.88241915e-02,  1.19530368e-01,
        1.87332852e-01,  2.50565031e-01,  3.07657814e-01,  3.57180262e-01,
        3.97878033e-01,  4.28708409e-01,  4.48870593e-01,  4.57830073e-01,
        4.55335953e-01,  4.41430364e-01,  4.16449387e-01,  3.81015232e-01,
        3.36019817e-01,  2.82600283e-01,  2.22107314e-01,  1.56067467e-01,
        8.61409098e-02,  1.40761417e-02, -5.83367402e-02, -1.29312670e-01,
       -1.97116736e-01, -2.60106573e-01, -3.16771017e-01, -3.65764260e-01,
       -4.05934952e-01, -4.36349940e-01, -4.56312473e-01, -4.65374861e-01,
       -4.63345684e-01, -4.50291699e-01, -4.26534644e-01, -3.92643140e-01,
       -3.49419908e-01, -2.97884516e-01, -2.39251858e-01, -1.74906584e-01,
       -1.06373759e-01, -3.52860385e-02,  3.66522417e-02,  1.07703556e-01,
        1.76137646e-01,  2.40273156e-01,  2.98519536e-01,  3.49418133e-01,
        3.91681270e-01,  4.24228059e-01,  4.46215628e-01,  4.57064529e-01,
        4.56477196e-01,  4.44448557e-01,  4.21268169e-01,  3.87513597e-01,
        3.44035161e-01,  2.91932515e-01,  2.32523930e-01,  1.67309440e-01,
        9.79292388e-02,  2.61188591e-02, -4.63372711e-02, -1.17652376e-01,
       -1.86082560e-01, -2.49969486e-01, -3.07779491e-01, -3.58138339e-01,
       -3.99861071e-01, -4.31976583e-01, -4.53746762e-01, -4.64680140e-01,
       -4.64540139e-01, -4.53348022e-01, -4.31380752e-01, -3.99163915e-01,
       -3.57459926e-01, -3.07251703e-01, -2.49721990e-01, -1.86228561e-01,
       -1.18275512e-01, -4.74809758e-02,  2.44584026e-02,  9.58057185e-02,
        1.64824184e-01,  2.29818860e-01,  2.89178820e-01,  3.41418681e-01,
        3.85218293e-01,  4.19459313e-01,  4.43257347e-01,  4.55988381e-01,
        4.57308367e-01,  4.47165020e-01,  4.25801167e-01,  3.93749341e-01,
        3.51817691e-01,  3.01067647e-01,  2.42784188e-01,  1.78439822e-01,
        1.09653661e-01,  3.81471013e-02, -3.43023121e-02, -1.05907317e-01,
       -1.74916238e-01, -2.39655923e-01, -2.98571282e-01, -3.50260630e-01,
       -3.93506244e-01, -4.27299771e-01, -4.50862276e-01, -4.63658882e-01,
       -4.65408030e-01, -4.56085490e-01, -4.35923258e-01, -4.05403517e-01,
       -3.65247832e-01, -3.16401769e-01, -2.60015080e-01, -1.97417688e-01,
       -1.30091656e-01, -5.96394469e-02,  1.22511783e-02,  8.38451489e-02,
        1.53400353e-01,  2.19209432e-01,  2.79642182e-01,  3.33187492e-01,
        3.78493625e-01,  4.14405525e-01,  4.39997854e-01,  4.54602437e-01,
        4.57828959e-01,  4.49577946e-01,  4.30045324e-01,  3.99718234e-01,
        3.59362109e-01,  3.09999450e-01,  2.52881082e-01,  1.89451002e-01,
        1.21306153e-01,  5.01526318e-02, -2.22401084e-02, -9.40855433e-02,
       -1.63625426e-01, -2.29172951e-01, -2.89152698e-01, -3.42136522e-01,
       -3.86874809e-01, -4.22322682e-01, -4.47660954e-01, -4.62311731e-01,
       -4.65948692e-01, -4.58502141e-01, -4.40158950e-01, -4.11357556e-01,
       -3.72778164e-01, -3.25328309e-01, -2.70123931e-01, -2.08466152e-01,
       -1.41813946e-01, -7.17529740e-02,  3.90759034e-05,  7.18301793e-02,
        1.41874109e-01,  2.08452261e-01,  2.69916264e-01,  3.24730307e-01,
        3.71511965e-01,  4.09070239e-01,  4.36439455e-01,  4.52907711e-01,
        4.58038673e-01,  4.51685732e-01,  4.33997777e-01,  4.05416224e-01,
        3.66663279e-01,  3.18721828e-01,  2.62807712e-01,  2.00335447e-01,
        1.32878736e-01,  6.21272239e-02, -1.01589306e-02, -8.21951633e-02,
       -1.52217868e-01, -2.18527763e-01, -2.79530198e-01, -3.33771583e-01,
       -3.79971300e-01, -4.17048706e-01, -4.44144956e-01, -4.60639564e-01,
       -4.66161695e-01, -4.60596243e-01, -4.44084832e-01, -4.17021847e-01,
       -3.80045644e-01, -3.34025079e-01, -2.80041480e-01, -2.19366241e-01,
       -1.53434209e-01, -8.38131167e-02, -1.21694005e-02,  5.97691728e-02,
        1.30253472e-01,  1.97554830e-01,  2.60007837e-01,  3.16053015e-01,
        3.64278182e-01,  4.03457186e-01,  4.32584656e-01,  4.50905423e-01,
        4.57937417e-01,  4.53486980e-01,  4.37655856e-01,  4.10839438e-01,
        3.73716221e-01,  3.27228824e-01,  2.72557287e-01,  2.11085705e-01,
        1.44363479e-01,  7.40626652e-02,  1.93293127e-03, -7.02443401e-02,
       -1.40701401e-01, -2.07727671e-01, -2.69710391e-01, -3.25171552e-01,
       -3.72800450e-01, -4.11481449e-01, -4.40316669e-01, -4.58643493e-01,
       -4.66046840e-01, -4.62366294e-01, -4.47698133e-01, -4.22392411e-01,
       -3.87045183e-01, -3.42486000e-01, -2.89760806e-01, -2.30110356e-01,
       -1.64944348e-01, -9.58114784e-02, -2.43657561e-02,  4.76705176e-02,
        1.18546521e-01,  1.86524716e-01,  2.49923788e-01,  3.07161650e-01,
        3.56797312e-01,  3.97570285e-01,  4.28436160e-01,  4.48597001e-01,
        4.57525309e-01,  4.54980496e-01,  4.41017088e-01,  4.15984187e-01,
        3.80516125e-01,  3.35514622e-01,  2.82123134e-01,  2.21694407e-01,
        1.55752506e-01,  8.59507643e-02,  1.40271731e-02, -5.82412849e-02,
       -1.29083938e-01, -1.96780098e-01, -2.59700027e-01, -3.16342341e-01,
       -3.65367181e-01, -4.05624723e-01, -4.36178704e-01, -4.56324855e-01,
       -4.65604164e-01, -4.63811022e-01]), array([0.60616903, 0.63315552, 0.66009682, ..., 0.48014638, 0.50731379,
       0.53444468]), array([0.41225657, 0.4462797 , 0.48016626, ..., 0.14385876, 0.17858647,
       0.21325952]), array([ 2.11858839e-01,  2.07782670e-01,  1.54986066e-01,  6.77348692e-02,
       -3.35560958e-02, -1.28355614e-01, -1.99622839e-01, -2.35343094e-01,
       -2.29165273e-01, -1.81000620e-01, -9.78555865e-02,  5.54977567e-03,
        1.07722619e-01,  1.84652318e-01,  2.17377889e-01,  1.98989870e-01,
        1.36154470e-01,  4.49459584e-02, -5.49986429e-02, -1.44827465e-01,
       -2.08835939e-01, -2.35702567e-01, -2.19516268e-01, -1.61101963e-01,
       -6.95105590e-02,  3.74432778e-02,  1.35649384e-01,  2.01390190e-01,
        2.19652512e-01,  1.88623715e-01,  1.18076556e-01,  2.44681964e-02,
       -7.36556617e-02, -1.58630135e-01, -2.15415604e-01, -2.32968166e-01,
       -2.05907885e-01, -1.36668829e-01, -3.73736007e-02,  7.06251472e-02,
        1.61728891e-01,  2.14611828e-01,  2.19115771e-01,  1.77466612e-01,
        1.00986930e-01,  5.80549869e-03, -9.04139288e-02, -1.70577419e-01,
       -2.19760175e-01, -2.27045842e-01, -1.88069178e-01, -1.07939285e-01,
       -2.75730727e-03,  1.03083823e-01,  1.84509165e-01,  2.24157059e-01,
        2.16337241e-01,  1.65846630e-01,  8.45317525e-02, -1.19222809e-02,
       -1.06260212e-01, -1.81349477e-01, -2.22014322e-01, -2.17680432e-01,
       -1.65955286e-01, -7.58489615e-02,  3.23731193e-02,  1.32911947e-01,
        2.03226508e-01,  2.30276170e-01,  2.11676632e-01,  1.53587528e-01,
        6.79414823e-02, -2.97593646e-02, -1.22082750e-01, -1.91329852e-01,
       -2.22000477e-01, -2.04587280e-01, -1.40032953e-01, -4.20707423e-02,
        6.58945070e-02,  1.58812663e-01,  2.17741883e-01,  2.33286347e-01,
        2.05141525e-01,  1.40116854e-01,  5.02360163e-02, -4.87012547e-02,
       -1.38470823e-01, -2.00466518e-01, -2.19267542e-01, -1.87738915e-01,
       -1.11481061e-01, -8.67389307e-03,  9.61219782e-02,  1.80237556e-01,
        2.28255789e-01,  2.33356473e-01,  1.96415249e-01,  1.24631571e-01,
        3.04284911e-02, -6.94796306e-02, -1.55523561e-01, -2.08231911e-01,
       -2.13334224e-01, -1.67687994e-01, -8.20507343e-02,  2.24720290e-02,
        1.22134761e-01,  1.97209377e-01,  2.35051865e-01,  2.30450083e-01,
        1.84962626e-01,  1.06270417e-01,  7.73099132e-03, -9.23432427e-02,
       -1.72728461e-01, -2.13787320e-01, -2.04079374e-01, -1.45643842e-01,
       -5.35599896e-02,  5.01672132e-02,  1.43741739e-01,  2.10064263e-01,
        2.38362129e-01,  2.24357758e-01,  1.70151668e-01,  8.42874865e-02,
       -1.82257441e-02, -1.16873544e-01, -1.89025110e-01, -2.16378271e-01,
       -1.92017163e-01, -1.23134684e-01, -2.73471880e-02,  7.40040099e-02,
        1.61264192e-01,  2.19257728e-01,  2.38321330e-01,  2.14754338e-01,
        1.51376115e-01,  5.82456908e-02, -4.71721383e-02, -1.41942467e-01,
       -2.03145799e-01, -2.15760959e-01, -1.78177952e-01, -1.01466409e-01,
       -4.00204270e-03,  9.42277168e-02,  1.75310056e-01,  2.25245916e-01,
        2.34952838e-01,  2.01257251e-01,  1.28199496e-01,  2.82412957e-02,
       -7.80627586e-02, -1.65949984e-01, -2.14124435e-01, -2.12319096e-01,
       -1.63655781e-01, -8.13412807e-02,  1.66001136e-02,  1.11511955e-01,
        1.86596318e-01,  2.28401192e-01,  2.28156685e-01,  1.83504398e-01,
        1.00552657e-01, -4.88936162e-03, -1.09180820e-01, -1.87336611e-01,
       -2.21630428e-01, -2.06771988e-01, -1.49168838e-01, -6.27758628e-02,
        3.51083976e-02,  1.26744223e-01,  1.95803220e-01,  2.28931480e-01,
        2.17712705e-01,  1.61297712e-01,  6.89755685e-02, -3.95332188e-02,
       -1.38577732e-01, -2.05082213e-01, -2.25885959e-01, -1.99742888e-01,
       -1.34867797e-01, -4.52268845e-02,  5.24722837e-02,  1.40834705e-01,
        2.03433904e-01,  2.26809036e-01,  2.03351042e-01,  1.34841521e-01,
        3.47812874e-02, -7.36044825e-02, -1.64659907e-01, -2.18849642e-01,
       -2.27310488e-01, -1.91482656e-01, -1.20377032e-01, -2.77959877e-02,
        6.97264403e-02,  1.54531638e-01,  2.09677873e-01,  2.21759042e-01,
        1.84950551e-01,  1.05001342e-01, -7.28979365e-05, -1.05129930e-01,
       -1.86541101e-01, -2.28764929e-01, -2.26199742e-01, -1.81817910e-01,
       -1.04952973e-01, -9.44432504e-03,  8.77819623e-02,  1.68235889e-01,
        2.14319856e-01,  2.13388856e-01,  1.62847270e-01,  7.33616101e-02,
       -3.34811965e-02, -1.32759581e-01, -2.03999183e-01, -2.35101181e-01,
       -2.22586419e-01, -1.70241592e-01, -8.76732441e-02,  1.07972739e-02,
        1.07213811e-01,  1.81842720e-01,  2.16782051e-01,  2.01495908e-01,
        1.38061487e-01,  4.18925284e-02, -6.37826071e-02, -1.55914896e-01,
       -2.17216625e-01, -2.38071182e-01, -2.16250222e-01, -1.56054256e-01,
       -6.76253110e-02,  3.36130643e-02,  1.28056588e-01,  1.94692647e-01,
        2.16384029e-01,  1.86422058e-01,  1.12174061e-01,  1.23636582e-02,
       -9.00858596e-02, -1.74631435e-01, -2.26535698e-01, -2.37754827e-01]), array([0.91657739, 0.94234776, 0.96652839, ..., 0.80732683, 0.83861403,
       0.86849153]), array([0.43209055, 0.38586121, 0.33827897, ..., 0.61834228, 0.58013263,
       0.53988321])] [array([ 0.        ,  0.08302183,  0.16126155,  0.23022372,  0.28596642,
        0.32533055,  0.34611724,  0.34720402,  0.3285952 ,  0.29140669,
        0.23778964,  0.1707999 ,  0.0942227 ,  0.0123626 , -0.0701904 ,
       -0.14880771, -0.21907109, -0.27701248, -0.31933368, -0.34359472,
       -0.34836015, -0.33329316, -0.29918964, -0.24794671, -0.18246433,
       -0.10648338, -0.02436857,  0.05915046,  0.1392626 ,  0.21136375,
        0.27133041,  0.31575997,  0.34216278,  0.34909552,  0.33623019,
        0.3043578 ,  0.25533013,  0.19194563,  0.11778787,  0.03702631,
       -0.0458105 , -0.12607847, -0.19926769, -0.26124693, -0.30849197,
       -0.33828599, -0.34888091, -0.33960892, -0.31093522, -0.26444568,
       -0.20276672, -0.12941976, -0.04861731,  0.03498666,  0.11657563,
        0.19145949,  0.25535344,  0.3046282 ,  0.3365158 ,  0.34925937,
        0.34220037,  0.31580119,  0.27160522,  0.21213965,  0.14076867,
        0.06150585, -0.02120426, -0.10272526, -0.17847798, -0.24418859,
       -0.29612422, -0.33130458, -0.34767746, -0.34424713, -0.32114564,
       -0.27963963, -0.22206896, -0.15171819, -0.07262696,  0.01064926,
        0.0933122 ,  0.17060875,  0.23811394,  0.29198979,  0.32920374,
        0.34769425,  0.34647569,  0.32567972,  0.28653381,  0.23128146,
        0.16305077,  0.08567948,  0.00350594, -0.07886422, -0.15680541,
       -0.22592238, -0.28229214, -0.32268554, -0.34475624, -0.34718536,
       -0.32977094, -0.29345399, -0.24027619, -0.17326906, -0.09627947,
       -0.01374204,  0.06958672,  0.14891407,  0.21969663,  0.27790671,
        0.32026227,  0.34440741,  0.3490345 ,  0.33394399,  0.30004148,
        0.24927577,  0.18452332,  0.10942695,  0.02819722, -0.05461401,
       -0.13435776, -0.2065392 , -0.26706464, -0.31247197, -0.34013218,
       -0.34840957, -0.33676898, -0.305821  , -0.25729898, -0.19396641,
       -0.1194585 , -0.03806726,  0.0455159 ,  0.12648213,  0.20019204,
        0.26244811,  0.30973513,  0.33941463,  0.34986367,  0.34055261,
        0.31206089,  0.26603297,  0.20507949,  0.13263018,  0.05274681,
       -0.03009521, -0.11124665, -0.18613548, -0.25051756, -0.30071487,
       -0.33382862, -0.34791417, -0.34210565, -0.31668005, -0.27305373,
       -0.2137085 , -0.14205006, -0.06220674,  0.02121817,  0.10342331,
        0.17969611,  0.24568995,  0.29767391,  0.33274016,  0.34895862,
        0.3454724 ,  0.32253203,  0.28146962,  0.22461698,  0.15517376,
        0.07703265, -0.00542968, -0.08758696, -0.16481266, -0.2327332 ,
       -0.28747284, -0.32587718, -0.34570208, -0.34575504, -0.32597795,
       -0.28746307, -0.23239829, -0.16394303, -0.08604169, -0.00318689,
        0.07985109,  0.15830967,  0.22771464,  0.28413782,  0.32441658,
        0.34632339,  0.34867857,  0.33140264,  0.29550881,  0.2430386 ,
        0.17694559,  0.10093404,  0.01925999, -0.06349626, -0.1426767 ,
       -0.21380001, -0.27281181, -0.31631759, -0.34178464, -0.34769954,
       -0.33366918, -0.30045626, -0.2499439 , -0.18502973, -0.10945484,
       -0.02757916,  0.05588151,  0.13613802,  0.20861062,  0.2691934 ,
        0.31448464,  0.34197061,  0.35015483,  0.33862835,  0.3080806 ,
        0.26025268,  0.19783742,  0.12433216,  0.04385113, -0.03909423,
       -0.11983758, -0.19381206, -0.2568047 , -0.30519753, -0.33618163,
       -0.34792995, -0.33971617, -0.31196954, -0.2662591 , -0.20520641,
       -0.13233095, -0.05183855,  0.03163261,  0.11329034,  0.18847196,
        0.25291416,  0.3029931 ,  0.33592144,  0.34989347,  0.344173  ,
        0.31912234,  0.27617355,  0.21774537,  0.14711076,  0.06822157,
       -0.01450207, -0.09640871, -0.17286863, -0.23953105, -0.29257235,
       -0.32892112, -0.3464455 , -0.34408942, -0.32194641, -0.28126368,
       -0.22437381, -0.15455739, -0.07584558,  0.00722383,  0.08987919,
        0.16739786,  0.23538026,  0.28999845,  0.32820544,  0.34789543,
        0.34800877,  0.32857896,  0.29072201,  0.23657049,  0.16915666,
        0.09225029,  0.01015814, -0.07250639, -0.15107367, -0.22107663,
       -0.27850482, -0.32003933, -0.34325389, -0.34676767, -0.33033796,
       -0.29488389, -0.24243761, -0.17602475, -0.09948201, -0.01722456,
        0.06601995,  0.14549219,  0.2166781 ,  0.27556467,  0.31886049,
        0.34417028,  0.35011634,  0.33640332,  0.30382567,  0.2542192 ,
        0.19036035,  0.11581797,  0.03476399, -0.04824923, -0.12853533,
       -0.20153304, -0.26306478, -0.30958047, -0.33837117, -0.347738  ,
       -0.33710304, -0.30705277, -0.2593089 , -0.19662729, -0.12263136,
       -0.04159204,  0.04183024,  0.12286297,  0.19689989,  0.25976287,
        0.30793254,  0.33873616,  0.35048498,  0.34255637,  0.31541933,
        0.27060379,  0.21061653,  0.13880764,  0.05919339, -0.02375756,
       -0.10536539, -0.18099719, -0.24632886, -0.2975965 , -0.33182176,
       -0.34699589, -0.34220851, -0.3177105 , -0.27490465, -0.21626351,
       -0.14517956, -0.06575848,  0.01742939,  0.09962183,  0.17614319,
        0.242671  ,  0.29547544,  0.33161974,  0.34911261,  0.34700737,
        0.32544531,  0.28564287,  0.22982463,  0.16110522,  0.08332516,
        0.00084718, -0.08167871, -0.15957087, -0.22838001, -0.28414687,
       -0.32363824, -0.34454524, -0.34562939, -0.32680467, -0.28914806,
       -0.23483668, -0.16701542, -0.08960467, -0.00706222,  0.07588347,
        0.15451048,  0.2243734 ,  0.28155062,  0.32285602,  0.34600581,
        0.34973408,  0.33385374,  0.29926173,  0.24788932,  0.18260008,
        0.10703963,  0.02544302, -0.05759266, -0.13736025, -0.20930716,
       -0.26929825, -0.31386124, -0.34039835, -0.34734899, -0.33429057,
       -0.30196897, -0.25225523, -0.18803127, -0.11301298, -0.03152371,
        0.05176511,  0.13210858,  0.20496047,  0.26622685,  0.31248824,
        0.3411798 ,  0.35072281,  0.34060281,  0.31139275,  0.26472096,
        0.20318563,  0.13021927,  0.04990809, -0.03322656, -0.1144753 ,
       -0.18920475, -0.25312417, -0.3025392 , -0.33457584, -0.34735895,
       -0.34013138, -0.31330422, -0.26843327, -0.20812343, -0.13586785,
       -0.05583429,  0.02738586,  0.10904818,  0.18452811,  0.24957985,
        0.30056759,  0.33465836,  0.34996853,  0.34565894,  0.32197572,
        0.28023608,  0.22275983,  0.15274921,  0.07412121, -0.00870104,
       -0.09102931, -0.16817225, -0.23570466, -0.28972818, -0.3271066 ,
       -0.34565933, -0.34429836, -0.32309793, -0.28329101, -0.22719272,
       -0.15805645, -0.07987388,  0.00286619,  0.08544326,  0.16317737,
        0.23169194,  0.28715301,  0.32647368,  0.3474749 ,  0.34899702,
        0.33095813,  0.29435775,  0.24122568,  0.17451785,  0.09796249,
        0.0158625 , -0.06713827, -0.1463137 , -0.21712587, -0.27549151,
       -0.31802756, -0.3422586 , -0.34677099, -0.33130178, -0.29675511,
       -0.245145  , -0.17946917, -0.10352369, -0.02167268,  0.06141055,
        0.14101385,  0.21265162,  0.2723109 ,  0.31666627,  0.34325424,
        0.35060047,  0.33829546,  0.30701601,  0.25849172,  0.1954174 ,
        0.12131394,  0.04034254, -0.04292035, -0.12373717, -0.19747961,
       -0.25989956, -0.3073836 , -0.33717355, -0.34753709, -0.33787529,
       -0.30875907, -0.26189158, -0.20000021, -0.12666681, -0.04610941,
        0.03706896,  0.11814725,  0.19255315,  0.25611473,  0.3052847 ,
        0.33732744,  0.35046136,  0.34395138,  0.31814817,  0.27447247,
        0.21534445,  0.14406003,  0.06461801, -0.01849526, -0.10055421,
       -0.17686294, -0.24302932]), array([-0.41435874, -0.44207374, -0.45927323, -0.46553142, -0.46067563,
       -0.44479236, -0.41822806, -0.38158465, -0.33570921, -0.28167789,
       -0.220774  , -0.15446022, -0.08434544, -0.01214662,  0.06035345,
        0.13135157,  0.19907131,  0.26181066,  0.31798843,  0.36618782,
        0.40519562,  0.43403549,  0.45199422,  0.45864004,  0.45383239,
        0.43772313,  0.41074933,  0.37361812,  0.32728465,  0.27292399,
        0.21189818,  0.14571975,  0.07601272,  0.00447232, -0.06717554,
       -0.13721436, -0.20397563, -0.26587561, -0.32144953, -0.36938295,
       -0.40853985, -0.43798711, -0.45701509, -0.46515403, -0.46218599,
       -0.44815183, -0.42335322, -0.38834908, -0.34394637, -0.291185  ,
       -0.23131678, -0.16577849, -0.0961594 , -0.02416366,  0.04843154,
        0.11982118,  0.18821964,  0.25190846,  0.3092832 ,  0.35889754,
        0.39950324,  0.43008436,  0.44988447,  0.45842614,  0.45552189,
        0.44127662,  0.41608151,  0.38060015,  0.33574748,  0.28266272,
        0.22267723,  0.15727874,  0.08807292,  0.01674348, -0.05498823,
       -0.1254031 , -0.19282313, -0.25564832, -0.3123914 , -0.36170968,
       -0.40243376, -0.43359286, -0.45443621, -0.46445042, -0.46337238,
       -0.45119732, -0.42818185, -0.39484149, -0.3519425 , -0.30048778,
       -0.24169678, -0.17697936, -0.10790404, -0.03616103,  0.03647933,
        0.10821143,  0.17724164,  0.24183624,  0.30036857,  0.35136381,
        0.39353951,  0.42584079,  0.44746855,  0.45790003,  0.45690099,
        0.44452925,  0.42112993,  0.38732263,  0.34398148,  0.29220906,
        0.23330519,  0.16873179,  0.10007506,  0.029006  , -0.04275975,
       -0.11350174, -0.18153361, -0.24524029, -0.30311303, -0.35378183,
       -0.39604479, -0.42889413, -0.45153848, -0.46342117, -0.46423409,
       -0.45392682, -0.43271071, -0.4010575 , -0.35969218, -0.30957993,
       -0.25190695, -0.1880552 , -0.11957139, -0.04813055,  0.02450496,
        0.09653021,  0.16614477,  0.23160081,  0.29125059,  0.34359171,
        0.38730842,  0.42130761,  0.44474803,  0.45706199,  0.45796861,
        0.44747869,  0.42589102,  0.39378081,  0.35198083,  0.30155632,
        0.24377463,  0.18007088,  0.11201072,  0.04125129, -0.0304987 ,
       -0.10151864, -0.17011502, -0.23465884, -0.29362096, -0.34560503,
       -0.3893775 , -0.4238943 , -0.44832403, -0.46206712, -0.46477064,
       -0.45633855, -0.43693678, -0.40699292, -0.36719016, -0.31845527,
       -0.26194034, -0.19899848, -0.13115349, -0.0600641 ,  0.01251657,
        0.08478546,  0.15493656,  0.22120912,  0.28193541,  0.33558648,
        0.38081415,  0.41648782,  0.44172468,  0.45591246,  0.45872392,
        0.45012278,  0.43036136,  0.39997012,  0.35973992,  0.31069792,
        0.25407817,  0.19128803,  0.12387152,  0.05347074, -0.01821367,
       -0.08946221, -0.15857539, -0.22391143, -0.28392188, -0.33718506,
       -0.38243661, -0.41859695, -0.44479521, -0.4603893 , -0.46498177,
       -0.45843097, -0.44085726, -0.41264376, -0.37443137, -0.32710777,
       -0.27179015, -0.20980176, -0.14264247, -0.07195355,  0.00052231,
        0.07298516,  0.14362462,  0.21066821,  0.27242934,  0.32735352,
        0.37406106,  0.41138462,  0.43840045,  0.45445214,  0.45916626,
        0.45245957,  0.43453775,  0.40588617,  0.36725325,  0.31962741,
        0.26420858,  0.20237537,  0.13564912,  0.06565578, -0.00591332,
       -0.07734093, -0.14692284, -0.21300562, -0.27402264, -0.32852787,
       -0.37522707, -0.41300588, -0.44095457, -0.45838901, -0.46486745,
       -0.46020274, -0.44446954, -0.41800623, -0.38141094, -0.33553159,
       -0.28144968, -0.22045771, -0.15403052, -0.08379083, -0.01146968,
        0.06113731,  0.13221662,  0.19998522,  0.26273879,  0.31889838,
        0.36705367,  0.40600142,  0.43477751,  0.45268188,  0.45929522,
        0.45448734,  0.4384172 ,  0.41152475,  0.37451552,  0.32833851,
        0.27415872,  0.2133251 ,  0.14733526,  0.07779785,  0.00639373,
       -0.06516334, -0.13516558, -0.20194912, -0.26393023, -0.3196396 ,
       -0.367754  , -0.40712508, -0.4368049 , -0.45606776, -0.46442789,
       -0.46165275, -0.44777126, -0.42307675, -0.38812414, -0.34372102,
       -0.29091239, -0.23095909, -0.16530992, -0.0955679 , -0.02345125,
        0.04924995,  0.1207203 ,  0.18916739,  0.25287033,  0.31022675,
        0.35979669,  0.40034178,  0.43085824,  0.45060281,  0.45911057,
        0.45620456,  0.44199689,  0.41688184,  0.38152157,  0.33682506,
        0.28392159,  0.22412952,  0.1589217 ,  0.0898884 ,  0.01869881,
       -0.05293799, -0.12331188, -0.1907497 , -0.25365179, -0.31052655,
       -0.36002271, -0.40095876, -0.43234922, -0.45342728, -0.46366353,
       -0.46278014, -0.45076025, -0.42785194, -0.39456649, -0.35167054,
       -0.30017188, -0.24129879, -0.17647301, -0.10727676, -0.03541427,
        0.03733115,  0.10914343,  0.17822203,  0.24283061,  0.30134448,
        0.35229499,  0.39440948,  0.42664521,  0.4482162 ,  0.45861232,
        0.45760991,  0.44527421,  0.42195361,  0.38826644,  0.34508107,
        0.2934903 ,  0.23478102,  0.1704003 ,  0.10191892,  0.03099325,
       -0.0406735 , -0.1113701 , -0.17941529, -0.24319457, -0.30119515,
       -0.35203869, -0.39451134, -0.42759074, -0.45046954, -0.46257502,
       -0.46358426, -0.45343459, -0.43232863, -0.40073365, -0.35937479,
       -0.30922189, -0.2514698 , -0.18751223, -0.11890948, -0.04735063,
        0.02538899,  0.09749387,  0.16715654,  0.23262642,  0.29225754,
        0.34455359,  0.38820847,  0.42214117,  0.44552358,  0.45780067,
        0.45870229,  0.44824679,  0.42673642,  0.39474532,  0.35310069,
        0.3028581 ,  0.24527209,  0.18176298,  0.11388095,  0.04326841,
       -0.02837851, -0.09934865, -0.16795386, -0.23256596, -0.29165203,
       -0.34380763, -0.38778742, -0.4225329 , -0.44719673, -0.46116326,
       -0.46406469, -0.45579256, -0.43650386, -0.40662149, -0.36682857,
       -0.3180563 , -0.26146524, -0.19842009, -0.13045818, -0.05925225,
        0.01343156,  0.08577951,  0.15597842,  0.22226464,  0.28297207,
        0.33657769,  0.38174289,  0.4173491 ,  0.44252667,  0.45667604,
        0.45948081,  0.45091241,  0.43122682,  0.40095361,  0.36087823,
        0.31201836,  0.25559533,  0.19300171,  0.12576605,  0.05551564,
       -0.01606168, -0.08725601, -0.15637351, -0.22177348, -0.28190395,
       -0.33533537, -0.3807918 , -0.41717934, -0.44361126, -0.45942936,
       -0.46422124, -0.45783267, -0.44037488, -0.4122261 , -0.3740269 ,
       -0.32666916, -0.27127836, -0.20918922, -0.14191502, -0.07111105,
        0.00146694,  0.07400826,  0.14469522,  0.21175227,  0.2734943 ,
        0.32837264,  0.37501704,  0.41227216,  0.43922737,  0.45523907,
        0.45994478,  0.45326911,  0.43542158,  0.40688687,  0.36840818,
        0.32096461,  0.26574344,  0.20410859,  0.13756586,  0.0677263 ,
       -0.00373169, -0.07510072, -0.14468242, -0.21082475, -0.2719578 ,
       -0.32662793, -0.37352948, -0.41153393, -0.43971575, -0.45737468,
       -0.46405394, -0.45955365, -0.44393917, -0.41754374, -0.38096492,
       -0.33505466, -0.28090252, -0.21981232, -0.15327226, -0.08291902,
       -0.01049674,  0.06218809,  0.13331456,  0.20109641,  0.26383063,
        0.31994395,  0.36803542,  0.40691369,  0.43562783,  0.4534906 ,
        0.46009373,  0.4553151 ,  0.43931764,  0.41254085,  0.37568519,
        0.3296905 ,  0.27570927,  0.21507576,  0.14927204,  0.07989179,
        0.00860276, -0.06289134, -0.13288885, -0.19972752, -0.26182064,
       -0.31769149, -0.36600565, -0.40560073, -0.43551305, -0.45500078,
       -0.46356306, -0.46095446, -0.4471944 , -0.42257088, -0.38763801,
       -0.34320716, -0.29033123, -0.23028223, -0.16452222, -0.09466816,
       -0.02245141,  0.050327  ,  0.12184414,  0.19030424,  0.25398756,
        0.31129728,  0.36080268,  0.40127725,  0.43173038,  0.45143168,
        0.45992743,  0.45704882,  0.44291217,  0.41791149,  0.38270406,
        0.33818986,  0.28548575,  0.22589548,  0.16087634,  0.09200352,
        0.02093297, -0.05063649, -0.12100111, -0.18848963, -0.25149965,
       -0.30853241, -0.35822567, -0.39938399, -0.43100623, -0.45230946,
       -0.46274909, -0.46203428, -0.45013848, -0.4273042 , -0.3940417 ,
       -0.35112118, -0.29955814, -0.24059186, -0.17565729, -0.10635052,
       -0.03438898,  0.03843301,  0.1102917 ,  0.17938304,  0.24397172,
        0.30243842,  0.35332365,  0.39536656,  0.42753754,  0.44906358,
        0.45944582,  0.45846893,  0.44620254,  0.42299494,  0.3894598 ,
        0.34645664,  0.29506597,  0.23656011,  0.17237056,  0.10405294,
        0.03325023, -0.03834484, -0.10902762, -0.17711904, -0.24100213,
       -0.29915719, -0.35019508, -0.39288818, -0.42619856, -0.44930274,
       -0.46161274, -0.46279252, -0.45276952, -0.43174058, -0.40017172,
       -0.35879141, -0.30857703, -0.25073427, -0.18666994, -0.11795821,
       -0.04630137,  0.02651415,  0.09866505,  0.16834019,  0.23378985,
        0.29337333,  0.34560334,  0.38918555,  0.42305206,  0.44638779,
        0.45864908,  0.45957429,  0.4491863 ,  0.42778751,  0.39594758,
        0.35448498,  0.30444315,  0.24706211,  0.18374659,  0.11603155,
        0.04554585, -0.02602505, -0.09697683, -0.16562379, -0.23033554,
       -0.28957249, -0.34191962, -0.38611797, -0.42109353, -0.44598286,
       -0.46015497, -0.46322881, -0.45508586, -0.43587711, -0.40602399,
       -0.36621273, -0.31738184, -0.26070262, -0.19755274, -0.12948339,
       -0.05818054,  0.01457848,  0.08697203,  0.15718313,  0.2234488 ,
        0.28410809,  0.3376469 ,  0.38273831,  0.41827687,  0.44340598,
        0.45753761,  0.46036397,  0.45186126,  0.43228575,  0.40216274,
        0.36226915,  0.31361062,  0.25739403,  0.19499638,  0.12793088,
        0.05781116, -0.01368583, -0.08485727, -0.15401201, -0.21950742,
       -0.27978512, -0.33340518, -0.3790782 , -0.41569484, -0.44235227,
       -0.45837694, -0.46334302, -0.45708606, -0.4397111 , -0.41159464,
       -0.37338015, -0.32596665, -0.27049018, -0.20829835, -0.14091827,
       -0.07001846,  0.00263406,  0.07522055,  0.14591938,  0.21295555,
        0.27464893,  0.32945966,  0.37602912,  0.41321509,  0.44012007,
        0.45611202,  0.46083727,  0.45422538,  0.43648637,  0.40810084,
        0.36980362,  0.32256189,  0.26754857,  0.20611197,  0.13974253,
        0.07003747, -0.00133589, -0.07267748, -0.14229191, -0.20852544,
       -0.26980202, -0.32465782, -0.37177391, -0.41000639, -0.43841366,
       -0.45628003, -0.46313521, -0.4587689 , -0.44324006, -0.41687997,
       -0.38028889, -0.33432569, -0.28009037, -0.21889953, -0.15225513,
       -0.08180714, -0.00931104,  0.06341853,  0.13455654,  0.20231715,
        0.26500219,  0.32104709,  0.36906246,  0.40787007,  0.43653214,
        0.45437312,  0.46099371,  0.45627689,  0.44038632,  0.4137576 ,
        0.377083  ,  0.33129059,  0.27751853,  0.21708551,  0.15145815,
        0.08221615,  0.01101602, -0.0604461 , -0.13047179, -0.19739739,
       -0.25963028, -0.31568378, -0.36421033, -0.40403228, -0.4341699 ,
       -0.45386588, -0.4626057 , -0.46013338, -0.4464617 , -0.4218765 ,
       -0.38693436, -0.34245338, -0.28949673, -0.22934911, -0.16348632,
       -0.09353861, -0.02124876,  0.05157393,  0.12310228,  0.19154077,
        0.25517437,  0.31241484,  0.36184296,  0.40224532,  0.43264451,
        0.45232195,  0.46083301,  0.45801419,  0.44398274,  0.41912895,
        0.3841021 ,  0.33979052,  0.28729683,  0.22790922,  0.16306944,
        0.0943386 ,  0.02336119, -0.04817176]), array([-3.16919654, -3.1660487 , -3.16267485, ..., -3.18143083,
       -3.17934317, -3.17702661]), array([-1.94439676, -1.93691135, -1.92883323, ..., -1.98219105,
       -1.9793869 , -1.97597683]), array([-0.0434168 ,  0.06517177,  0.15847901,  0.21655514,  0.22974474,
        0.19849007,  0.13084489,  0.03990008, -0.05814814, -0.14554266,
       -0.20480945, -0.22167185, -0.18930438, -0.11257634, -0.00889852,
        0.09687167,  0.18100412,  0.22741728,  0.22962762,  0.18960306,
        0.1157754 ,  0.02135688, -0.07696264, -0.16047698, -0.21094293,
       -0.21478867, -0.16845415, -0.08180309,  0.02413336,  0.12465416,
        0.19905879,  0.23458581,  0.22682105,  0.17856304,  0.09857389,
        0.00063182, -0.09743125, -0.17553621, -0.21503729, -0.20446075,
       -0.14497294, -0.0512242 ,  0.05407179,  0.14797845,  0.21284209,
        0.23828954,  0.22113193,  0.16470513,  0.07836415, -0.02291689,
       -0.11952845, -0.18998483, -0.21634682, -0.19098972, -0.12039598,
       -0.02254162,  0.08008619,  0.16691763,  0.22272575,  0.23864495,
        0.21220674,  0.14732801,  0.05448295, -0.04940494, -0.14253686,
       -0.20270368, -0.21445679, -0.17531192, -0.09630101,  0.00321142,
        0.10208724,  0.18191806,  0.22910882,  0.235649  ,  0.19960784,
        0.12583648,  0.02669361, -0.07823092, -0.16512944, -0.21263276,
       -0.209579  , -0.15866762, -0.07379834,  0.02577515,  0.12052153,
        0.19360085,  0.23233615,  0.22918642,  0.18289381,  0.09991715,
       -0.00458873, -0.10804134, -0.18575285, -0.21922715, -0.20243825,
       -0.14209549, -0.05329435,  0.04552741,  0.13614686,  0.20261498,
        0.23263562,  0.21903938,  0.16173531,  0.06976421, -0.03815641,
       -0.13700027, -0.20317166, -0.22257931, -0.19384967, -0.12609431,
       -0.03453298,  0.06326411,  0.14983709,  0.20951111,  0.23005653,
        0.20492959,  0.13610847,  0.03629853, -0.072131  , -0.16333797,
       -0.21680872, -0.22314765, -0.18432668, -0.11055921, -0.01677893,
        0.07997911,  0.16240604,  0.21461601,  0.22443353,  0.18665178,
        0.10655446,  0.00120405, -0.10443413, -0.18585807, -0.22667188,
       -0.22137   , -0.17391731, -0.09490166,  0.00096409,  0.09665739,
        0.17443231,  0.21792345,  0.21544186,  0.16433162,  0.07435973,
       -0.03339744, -0.13338447, -0.20407979, -0.23303487, -0.21742186,
       -0.16224275, -0.07823877,  0.01973867,  0.11406981,  0.18609102,
        0.21906425,  0.20281347,  0.13871426,  0.04141993, -0.06554241,
       -0.15803981, -0.21804079, -0.23615282, -0.21116652, -0.14863356,
       -0.05959179,  0.04042102,  0.1325664 ,  0.19704366,  0.21744883,
        0.1866841 ,  0.111231  ,  0.00973488, -0.09392021, -0.17815974,
       -0.22801415, -0.23612998, -0.20222046, -0.1322896 , -0.03808302,
        0.06350073,  0.15190201,  0.20648776,  0.21261658,  0.16784488,
        0.0836608 , -0.01916634, -0.11801006, -0.19397052, -0.2343121 ,
       -0.23290536, -0.1900562 , -0.11243961, -0.01314356,  0.08886647,
        0.17118852,  0.21345526,  0.20462758,  0.14761987,  0.05756155,
       -0.04452431, -0.13793516, -0.20593354, -0.2371931 , -0.22628607,
       -0.17410729, -0.08851243,  0.01526171,  0.11567121,  0.18909977,
        0.21727999,  0.19417189,  0.12739059,  0.0338479 , -0.06632174,
       -0.15423075, -0.2145853 , -0.23682119, -0.21598643, -0.15388347,
       -0.06034271,  0.04643533,  0.14241766,  0.20434155,  0.21791882,
        0.18226158,  0.10811076,  0.01268874, -0.08508734, -0.16763772,
       -0.22042685, -0.23323496, -0.20167446, -0.12913035, -0.02840184,
        0.078907  ,  0.16736068,  0.21613295,  0.21586073,  0.16975518,
        0.0900823 , -0.0063645 , -0.10167043, -0.17893428, -0.22382575,
       -0.22632067, -0.18306506, -0.1000569 ,  0.00604932,  0.11071151,
        0.18907331,  0.22434877,  0.21173532,  0.15704093,  0.07299317,
       -0.02416395]), array([-0.65371174, -0.61502084, -0.5752924 , ..., -0.78664199,
       -0.75233398, -0.71676131]), array([0.76845834, 0.79304066, 0.81484242, ..., 0.62730497, 0.66317184,
       0.69670698])]
