2.910849958644424335e-02 9.982467344190804059e-01
2.925079736939158181e-02 1.001278106156977321e+00
2.939309515233892028e-02 9.994776564075827929e-01
2.953539293528625875e-02 9.989023345634079343e-01
2.967769071823359722e-02 1.001211168725833378e+00
2.981998850118093222e-02 9.975289840971062194e-01
2.996228628412827069e-02 9.980345769739527029e-01
3.010458406707560916e-02 1.001462642297420214e+00
3.024688185002294763e-02 1.000477241557867103e+00
3.038917963297028610e-02 1.004202353289096905e+00
3.053147741591762457e-02 9.984496177505930437e-01
3.067377519886496304e-02 9.982032034155583489e-01
3.081607298181230151e-02 9.989911220457180496e-01
3.095837076475963651e-02 9.999707247461608883e-01
3.110066854770697498e-02 1.000720942542195901e+00
3.124296633065431344e-02 9.977102243393806136e-01
3.138526411360165191e-02 9.987977619139047913e-01
3.152756189654899038e-02 9.996833240560595302e-01
3.166985967949632885e-02 1.002164338106039221e+00
3.181215746244366732e-02 1.000850688335989558e+00
3.195445524539100579e-02 1.001147784417314668e+00
3.209675302833834426e-02 1.001760633616868512e+00
3.223905081128568273e-02 9.993718894744209047e-01
3.238134859423301426e-02 1.001034485990571987e+00
3.252364637718035967e-02 1.003068137195401111e+00
3.266594416012769120e-02 1.000354842466715688e+00
3.280824194307503661e-02 9.992136105837061688e-01
3.295053972602236814e-02 9.990874531312294859e-01
3.309283750896971354e-02 1.000806444794603456e+00
3.323513529191704508e-02 1.001172017548455750e+00
3.337743307486438354e-02 1.001342948963718005e+00
3.351973085781172201e-02 1.001044633204715151e+00
3.366202864075906048e-02 9.989259042172335956e-01
3.380432642370639895e-02 9.989513679584730577e-01
3.394662420665373742e-02 1.001821612493006164e+00
3.408892198960107589e-02 1.002234725655134273e+00
3.423121977254841436e-02 1.000722418865734875e+00
3.437351755549575283e-02 1.000378275785485771e+00
3.451581533844309130e-02 9.976689669569335228e-01
3.465811312139042977e-02 9.987736808625977680e-01
3.480041090433776130e-02 1.000239451804614488e+00
3.494270868728510671e-02 1.001104577119989791e+00
3.508500647023243824e-02 1.000137905314768538e+00
3.522730425317978364e-02 1.000545340791159310e+00
3.536960203612711517e-02 1.002815529907106873e+00
3.551189981907446058e-02 1.000977309822839834e+00
3.565419760202179211e-02 1.000745821286854520e+00
3.579649538496913058e-02 9.993349454660828135e-01
3.593879316791646905e-02 1.000500766716060808e+00
3.608109095086380752e-02 1.001569344148438345e+00
3.622338873381114599e-02 1.000218942717042481e+00
3.636568651675848446e-02 1.000736074894102101e+00
3.650798429970582293e-02 9.990240046700583632e-01
3.665028208265316140e-02 1.002107977867889188e+00
3.679257986560049987e-02 9.983042539987592168e-01
3.693487764854783834e-02 9.994901127517161754e-01
3.707717543149517681e-02 9.985272324000395994e-01
3.721947321444251527e-02 1.000140571521672239e+00
3.736177099738985374e-02 9.994489468724641057e-01
3.750406878033718527e-02 9.968037988952238582e-01
3.764636656328453068e-02 9.997277102648319813e-01
3.778866434623186221e-02 9.992259278289673530e-01
3.793096212917920068e-02 1.000243521833013682e+00
3.807325991212653915e-02 1.000198446049041179e+00
3.821555769507387762e-02 9.994974046944332668e-01
3.835785547802121609e-02 1.001050933189745917e+00
3.850015326096855456e-02 1.001906042474004055e+00
3.864245104391589303e-02 9.988215450358092218e-01
3.878474882686323150e-02 9.989813478232125732e-01
3.892704660981056997e-02 1.001721623226594637e+00
3.906934439275790844e-02 1.004141767093066351e+00
3.921164217570524690e-02 1.000255249505374255e+00
3.935393995865258537e-02 9.989215925066002866e-01
3.949623774159992384e-02 9.982122070130455826e-01
3.963853552454726231e-02 9.988742078885887166e-01
3.978083330749460078e-02 9.990758466503598667e-01
3.992313109044193231e-02 1.000878387647087031e+00
4.006542887338927772e-02 1.001009153382347083e+00
4.020772665633660925e-02 9.985571455525373841e-01
4.035002443928394772e-02 1.001797263315461928e+00
4.049232222223128619e-02 1.001505331614104488e+00
4.063462000517862466e-02 9.999645692581754508e-01
4.077691778812596313e-02 1.002108415112298312e+00
4.091921557107330160e-02 1.000197737779832563e+00
4.106151335402064007e-02 9.997926917372910172e-01
4.120381113696797853e-02 1.000478269413912269e+00
4.134610891991531700e-02 9.995109515095635944e-01
4.148840670286265547e-02 9.992623348094061830e-01
4.163070448580999394e-02 1.001206435348394042e+00
4.177300226875733241e-02 1.000886246618118536e+00
4.191530005170467088e-02 1.002662477021502463e+00
4.205759783465200935e-02 9.997790520520424273e-01
4.219989561759934782e-02 9.998551165223604764e-01
4.234219340054667935e-02 9.969616358006996304e-01
4.248449118349402476e-02 1.001896431126398923e+00
4.262678896644135629e-02 1.000126120215140801e+00
4.276908674938870170e-02 1.000790654112124978e+00
4.291138453233603323e-02 9.986614662620261207e-01
4.305368231528337170e-02 1.002517196156144541e+00
4.319598009823071016e-02 9.995078247841245878e-01
4.333827788117804863e-02 1.000902156875728588e+00
4.348057566412538710e-02 9.993597296362506377e-01
4.362287344707272557e-02 1.001907934321336402e+00
4.376517123002006404e-02 9.995668184939269230e-01
4.390746901296740251e-02 1.001787358675629180e+00
4.404976679591474098e-02 9.972112604562123339e-01
4.419206457886207945e-02 9.992043530263184925e-01
4.433436236180941792e-02 9.995742016543370800e-01
4.447666014475675639e-02 1.001236671310492543e+00
4.461895792770409486e-02 9.993100792707608759e-01
4.476125571065142639e-02 9.987698628314413130e-01
4.490355349359877180e-02 9.997023738381982660e-01
4.504585127654610333e-02 1.002199613893667962e+00
4.518814905949344873e-02 9.999589675922563314e-01
4.533044684244078026e-02 1.000071395052496648e+00
4.547274462538812567e-02 1.001551656195764251e+00
4.561504240833545720e-02 1.000793110854867329e+00
4.575734019128279567e-02 9.978831440674793551e-01
4.589963797423013414e-02 9.990896318829340927e-01
4.604193575717747261e-02 1.001316840365119143e+00
4.618423354012481108e-02 1.001079261684611588e+00
4.632653132307214955e-02 1.001438543676351101e+00
4.646882910601948802e-02 9.986138255400470731e-01
4.661112688896682649e-02 9.992046865938966071e-01
4.675342467191416496e-02 1.001746837298058246e+00
4.689572245486149649e-02 1.000489513453842294e+00
4.703802023780884189e-02 9.999231182569251475e-01
4.718031802075617342e-02 9.999671608016835744e-01
4.732261580370351883e-02 9.995539704678410020e-01
4.746491358665085036e-02 9.992611494965742969e-01
4.760721136959819577e-02 1.000948439416631697e+00
4.774950915254552730e-02 9.977866709702847281e-01
4.789180693549287271e-02 9.997609139364275199e-01
4.803410471844020424e-02 1.003004033793263750e+00
4.817640250138754271e-02 1.000347139905151339e+00
4.831870028433488118e-02 1.000763879601991313e+00
4.846099806728221965e-02 1.000588900993805153e+00
4.860329585022955812e-02 9.997747135661964046e-01
4.874559363317689659e-02 1.000201281280086674e+00
4.888789141612423506e-02 9.984910132767439439e-01
4.903018919907157352e-02 9.984602809562512782e-01
4.917248698201891199e-02 1.000455257007138554e+00
4.931478476496624352e-02 1.001171807220037291e+00
4.945708254791358893e-02 1.001428642604543340e+00
4.959938033086092046e-02 9.979410488084479169e-01
4.974167811380826587e-02 9.997222546179115321e-01
4.988397589675559740e-02 1.001649883368028959e+00
5.002627367970294281e-02 1.000178492154178755e+00
5.016857146265027434e-02 1.000270965227125552e+00
5.031086924559761975e-02 1.001577759337028306e+00
5.045316702854495128e-02 9.992698565807980327e-01
5.059546481149228975e-02 1.003351767245821646e+00
5.073776259443962822e-02 1.000016669037745887e+00
5.088006037738696669e-02 9.990043100514225394e-01
5.102235816033430515e-02 1.000609857289559645e+00
5.116465594328164362e-02 9.986044160732064912e-01
5.130695372622898209e-02 1.000785788415566202e+00
5.144925150917632056e-02 9.994596384187903748e-01
5.159154929212365903e-02 1.001250768423176396e+00
5.173384707507099056e-02 1.000156244417412799e+00
5.187614485801833597e-02 1.001033227710876883e+00
5.201844264096566750e-02 9.995617120342558115e-01
5.216074042391301291e-02 1.001049313825277176e+00
5.230303820686034444e-02 1.002446698829426497e+00
5.244533598980768985e-02 9.994647964002224549e-01
5.258763377275502138e-02 1.000546956458499670e+00
5.272993155570236679e-02 9.993191180175956534e-01
5.287222933864969832e-02 1.001936920353039051e+00
5.301452712159703679e-02 1.002429102811289940e+00
5.315682490454437525e-02 9.988748837894363408e-01
5.329912268749171372e-02 1.001697137446756480e+00
5.344142047043905219e-02 1.001107939262558810e+00
5.358371825338639066e-02 1.002605985605961925e+00
5.372601603633372913e-02 1.000551485004888663e+00
5.386831381928106760e-02 9.985849410607493537e-01
5.401061160222840607e-02 9.974848328689021049e-01
5.415290938517573760e-02 1.001456487310514731e+00
5.429520716812308301e-02 1.000232537807392852e+00
5.443750495107041454e-02 9.997149396760627305e-01
5.457980273401775995e-02 9.985986036188768677e-01
5.472210051696509148e-02 1.000642599228159346e+00
5.486439829991243688e-02 1.000535604418318902e+00
5.500669608285976842e-02 1.001100265812776779e+00
5.514899386580711382e-02 9.964694285353281611e-01
5.529129164875444535e-02 1.000455392686499856e+00
5.543358943170178382e-02 9.991008109508303647e-01
5.557588721464912229e-02 1.001139687750866925e+00
5.571818499759646076e-02 9.984387787599154906e-01
5.586048278054379923e-02 9.984102849291706105e-01
5.600278056349113770e-02 1.000323417731106446e+00
5.614507834643847617e-02 9.992918106865240624e-01
5.628737612938581464e-02 1.001421989729288198e+00
5.642967391233315311e-02 9.992446197335643765e-01
5.657197169528048464e-02 1.001583706767360971e+00
5.671426947822783005e-02 1.000359597686231616e+00
5.685656726117516158e-02 9.982257476410898445e-01
5.699886504412250698e-02 9.976820164819242276e-01
5.714116282706983851e-02 9.983331993028590201e-01
5.728346061001718392e-02 1.000146201883946651e+00
5.742575839296451545e-02 1.002058858097198968e+00
5.756805617591186086e-02 1.000567870948898763e+00
5.771035395885919239e-02 1.001464582198228204e+00
5.785265174180653086e-02 9.977046407460684607e-01
5.799494952475386933e-02 9.977150881845484598e-01
5.813724730770120780e-02 9.998654160470440422e-01
5.827954509064854627e-02 1.001024058460710631e+00
5.842184287359588474e-02 9.972756561241578055e-01
5.856414065654322321e-02 9.991073401902539342e-01
5.870643843949056168e-02 9.999031634225432619e-01
5.884873622243790015e-02 9.993802876761310738e-01
5.899103400538523168e-02 1.000460990280218176e+00
5.913333178833257708e-02 1.000550063690502478e+00
5.927562957127990861e-02 9.994831741298121353e-01
5.941792735422725402e-02 1.000250860434387157e+00
5.956022513717458555e-02 1.000305364031603306e+00
5.970252292012193096e-02 9.999636205014627022e-01
5.984482070306926249e-02 1.000352660917229741e+00
5.998711848601660790e-02 1.000382689732232100e+00
6.012941626896393943e-02 9.998538882208012346e-01
6.027171405191127790e-02 1.003364042947663792e+00
6.041401183485861637e-02 9.988090174349448791e-01
6.055630961780595484e-02 9.957689980951430764e-01
6.069860740075329331e-02 9.973867115074362966e-01
6.084090518370063178e-02 9.975057717332531659e-01
6.098320296664797024e-02 9.976460052285289759e-01
6.112550074959530871e-02 1.000114084325374408e+00
6.126779853254264718e-02 9.980643061039725650e-01
6.141009631548998565e-02 9.987939504509889543e-01
6.155239409843732412e-02 9.953343697710984594e-01
6.169469188138466259e-02 9.986762583841410912e-01
6.183698966433200106e-02 9.954287727262147722e-01
6.197928744727933259e-02 9.978694691186080767e-01
6.212158523022667106e-02 9.960491944581376655e-01
6.226388301317400953e-02 9.945338308352463796e-01
6.240618079612134800e-02 9.949933348844627323e-01
6.254847857906868647e-02 9.966238903188249232e-01
6.269077636201603188e-02 9.978326350674561196e-01
6.283307414496336341e-02 9.965090798945458461e-01
6.297537192791069494e-02 9.970023750651441086e-01
6.311766971085804034e-02 9.956787361823474791e-01
6.325996749380538575e-02 9.958083006416545979e-01
6.340226527675271728e-02 9.978410476225836323e-01
6.354456305970004881e-02 9.952907271129418643e-01
6.368686084264739422e-02 9.938207510853547255e-01
6.382915862559473963e-02 9.959214808193493917e-01
6.397145640854207116e-02 9.957598496135792177e-01
6.411375419148940269e-02 9.953951306133155263e-01
6.425605197443674810e-02 9.966963221025411102e-01
6.439834975738407963e-02 9.942574067368392665e-01
6.454064754033142504e-02 9.941238412375370537e-01
6.468294532327875657e-02 9.930912242756977371e-01
6.482524310622608810e-02 9.954205390858543723e-01
6.496754088917343350e-02 9.946916006804105148e-01
6.510983867212077891e-02 9.942501240748714553e-01
6.525213645506811044e-02 9.942626474906349765e-01
6.539443423801544197e-02 9.930062073476051410e-01
6.553673202096278738e-02 9.958675777756643699e-01
6.567902980391013279e-02 9.936318654378261117e-01
6.582132758685746432e-02 9.947164391886685886e-01
6.596362536980479585e-02 9.910549021365356870e-01
6.610592315275214126e-02 9.934814012195195554e-01
6.624822093569948667e-02 9.922431155837212469e-01
6.639051871864681820e-02 9.922969320459490428e-01
6.653281650159414973e-02 9.945552576396581301e-01
6.667511428454149514e-02 9.919696733688547763e-01
6.681741206748882667e-02 9.914408228021202030e-01
6.695970985043617207e-02 9.910749490866657130e-01
6.710200763338350360e-02 9.961849542734250162e-01
6.724430541633083513e-02 9.949689079508047262e-01
6.738660319927818054e-02 9.916678045746228909e-01
6.752890098222552595e-02 9.926695451349626387e-01
6.767119876517285748e-02 9.919586167804943511e-01
6.781349654812018901e-02 9.924742411393769892e-01
6.795579433106753442e-02 9.924791832980993656e-01
6.809809211401487983e-02 9.928537838294199114e-01
6.824038989696221136e-02 9.941143652056150248e-01
6.838268767990954289e-02 9.928229051455461640e-01
6.852498546285688830e-02 9.924546735800625630e-01
6.866728324580423370e-02 9.948023465291858658e-01
6.880958102875156523e-02 9.951727438596380537e-01
6.895187881169889677e-02 9.943427261102618653e-01
6.909417659464624217e-02 9.929234585927961820e-01
6.923647437759357370e-02 9.939025531334804153e-01
6.937877216054091911e-02 9.944539025824483680e-01
6.952106994348825064e-02 9.937764216850274446e-01
6.966336772643558217e-02 9.923307251846472665e-01
6.980566550938292758e-02 9.944228183100684015e-01
6.994796329233027299e-02 9.917511871972746196e-01
7.009026107527760452e-02 9.935078555169571946e-01
7.023255885822493605e-02 9.952232399864692214e-01
7.037485664117228146e-02 9.917131241626797600e-01
7.051715442411962687e-02 9.950197628297827723e-01
7.065945220706695840e-02 9.934296710511516526e-01
7.080174999001428993e-02 9.954512872561094294e-01
7.094404777296163533e-02 9.942553264120548295e-01
7.108634555590898074e-02 9.945068720982602750e-01
7.122864333885631227e-02 9.955903663958959315e-01
7.137094112180364380e-02 9.950896094409732440e-01
7.151323890475098921e-02 9.958280228181590754e-01
7.165553668769832074e-02 9.911749464905545981e-01
7.179783447064566615e-02 9.948117158984589592e-01
7.194013225359299768e-02 9.944094068496407424e-01
7.208243003654032921e-02 9.959634365273087875e-01
7.222472781948767462e-02 9.915118959531149523e-01
7.236702560243502003e-02 9.916873486767208146e-01
7.250932338538235156e-02 9.905473019122353895e-01
7.265162116832968309e-02 9.935582172212754637e-01
7.279391895127702850e-02 9.919201108294246616e-01
7.293621673422437390e-02 9.920405584905832574e-01
7.307851451717170543e-02 9.942289135653900045e-01
7.322081230011903696e-02 9.958411964340997402e-01
7.336311008306638237e-02 9.925144531831605610e-01
7.350540786601372778e-02 9.942232885731054903e-01
7.364770564896105931e-02 9.887763395337034744e-01
7.379000343190839084e-02 9.926984604615944896e-01
7.393230121485573625e-02 9.928802576805121349e-01
7.407459899780306778e-02 9.950258869907446790e-01
7.421689678075041319e-02 9.931510146664926930e-01
7.435919456369774472e-02 9.913383181183444970e-01
7.450149234664507625e-02 9.933976274814037000e-01
7.464379012959242166e-02 9.919755863931782880e-01
7.478608791253976706e-02 9.938237783655039514e-01
7.492838569548709859e-02 9.922678105153217576e-01
7.507068347843443012e-02 9.940951952107074385e-01
7.521298126138177553e-02 9.938876279311501527e-01
7.535527904432912094e-02 9.945363609311137498e-01
7.549757682727645247e-02 9.948994816698781829e-01
7.563987461022378400e-02 9.928140814895669575e-01
7.578217239317112941e-02 9.933352114389590870e-01
7.592447017611847482e-02 9.925168503447725499e-01
7.606676795906580635e-02 9.906439315553604574e-01
7.620906574201313788e-02 9.934648835857563531e-01
7.635136352496048329e-02 9.921294363267169070e-01
7.649366130790781482e-02 9.928101500487102049e-01
7.663595909085516023e-02 9.931381955656407579e-01
7.677825687380249176e-02 9.943681954083183339e-01
7.692055465674982329e-02 9.939827975980521924e-01
7.706285243969716869e-02 9.938147902773424303e-01
7.720515022264451410e-02 9.925751296488991571e-01
7.734744800559184563e-02 9.956821386036115440e-01
7.748974578853917716e-02 9.927890749752863453e-01
7.763204357148652257e-02 9.901635630832603674e-01
7.777434135443386798e-02 9.940928904835928392e-01
7.791663913738119951e-02 9.929858782376337345e-01
7.805893692032853104e-02 9.948682669943016421e-01
7.820123470327587645e-02 9.934002386233310444e-01
7.834353248622322186e-02 9.939586939027632573e-01
7.848583026917055339e-02 9.904296116979371956e-01
7.862812805211788492e-02 9.935298130498859681e-01
7.877042583506523032e-02 9.936607823567890074e-01
7.891272361801256185e-02 9.906025974130637790e-01
7.905502140095990726e-02 9.940479629240747128e-01
7.919731918390723879e-02 9.941330666758741996e-01
7.933961696685457032e-02 9.922430895483407287e-01
7.948191474980191573e-02 9.935467484772269042e-01
7.962421253274926114e-02 9.925831589259817012e-01
7.976651031569659267e-02 9.909365169088035774e-01
7.990880809864392420e-02 9.926590058421231877e-01
8.005110588159126961e-02 9.908463846767174843e-01
8.019340366453861502e-02 9.920037382899503653e-01
8.033570144748594655e-02 9.899888813939066168e-01
8.047799923043327808e-02 9.911235422794110184e-01
8.062029701338062349e-02 9.915016865277377356e-01
8.076259479632796889e-02 9.917737979253136160e-01
8.090489257927530042e-02 9.943356019253485334e-01
8.104719036222263195e-02 9.921226328298251573e-01
8.118948814516997736e-02 9.949305429083143970e-01
8.133178592811730889e-02 9.965320920254547854e-01
8.147408371106465430e-02 9.939166553789642311e-01
8.161638149401198583e-02 9.936818833830769471e-01
8.175867927695931736e-02 9.937537820040047709e-01
8.190097705990666277e-02 9.926375502371473925e-01
8.204327484285400818e-02 9.910342350404572898e-01
8.218557262580133971e-02 9.933373187397908088e-01
8.232787040874867124e-02 9.935809174316033721e-01
8.247016819169601665e-02 9.923302345730741214e-01
8.261246597464336205e-02 9.935569891628878159e-01
8.275476375759069358e-02 9.919364883510759512e-01
8.289706154053802512e-02 9.916073207044259208e-01
8.303935932348537052e-02 9.911323126814155504e-01
8.318165710643271593e-02 9.928045165012217010e-01
8.332395488938004746e-02 9.933197929956858463e-01
8.346625267232737899e-02 9.929183983775199396e-01
8.360855045527472440e-02 9.919041360142486496e-01
8.375084823822206981e-02 9.919328533914383295e-01
8.389314602116940134e-02 9.924457300387682368e-01
8.403544380411673287e-02 9.933970615462661691e-01
8.417774158706406440e-02 9.942832975812977425e-01
8.432003937001140981e-02 9.921911683364784684e-01
8.446233715295875522e-02 9.919160973837367612e-01
8.460463493590608675e-02 9.929298941858899497e-01
8.474693271885341828e-02 9.927635011513002983e-01
8.488923050180076368e-02 9.948738627262899703e-01
8.503152828474810909e-02 9.957487495715903192e-01
8.517382606769544062e-02 9.936410619357575191e-01
8.531612385064277215e-02 9.946535862960772523e-01
8.545842163359011756e-02 9.948397476932154815e-01
8.560071941653746297e-02 9.930609190077575033e-01
8.574301719948479450e-02 9.943165184040401172e-01
8.588531498243212603e-02 9.930952814753221114e-01
8.602761276537947144e-02 9.938717807883880040e-01
8.616991054832681685e-02 9.925875756976528796e-01
8.631220833127414838e-02 9.909873881657043082e-01
8.645450611422147991e-02 9.948712801088783753e-01
8.659680389716881144e-02 9.914773193959524056e-01
8.673910168011615685e-02 9.899651311001277376e-01
8.688139946306350225e-02 9.931008056835127773e-01
8.702369724601083378e-02 9.933264186668920859e-01
8.716599502895816531e-02 9.926763473714309560e-01
8.730829281190551072e-02 9.889655168769588833e-01
8.745059059485285613e-02 9.916236895109680205e-01
8.759288837780018766e-02 9.937290756842668271e-01
8.773518616074751919e-02 9.946180409135569889e-01
8.787748394369486460e-02 9.913089209014004366e-01
8.801978172664221001e-02 9.928705660545805722e-01
8.816207950958954154e-02 9.948502378372465760e-01
8.830437729253687307e-02 9.924406935881266989e-01
8.844667507548421848e-02 9.925924325244955826e-01
8.858897285843156388e-02 9.935872907173495250e-01
8.873127064137889541e-02 9.940316336444700029e-01
8.887356842432622694e-02 9.924570339014318066e-01
8.901586620727355847e-02 9.947480739246199466e-01
8.915816399022090388e-02 9.915821534567910156e-01
8.930046177316824929e-02 9.938936336213644029e-01
8.944275955611558082e-02 9.911700418878097718e-01
8.958505733906291235e-02 9.937524920587291755e-01
8.972735512201025776e-02 9.932040008894222893e-01
8.986965290495760317e-02 9.915671662076454007e-01
9.001195068790493470e-02 9.952251167193650883e-01
9.015424847085226623e-02 9.911006341762664817e-01
9.029654625379961164e-02 9.921563454071039567e-01
9.043884403674695704e-02 9.919776111330194102e-01
9.058114181969428857e-02 9.942495080896814885e-01
9.072343960264162011e-02 9.924653839397860056e-01
9.086573738558896551e-02 9.921033566977172091e-01
9.100803516853631092e-02 9.906427154811510150e-01
9.115033295148364245e-02 9.946219435000110964e-01
9.129263073443097398e-02 9.941624825169195212e-01
9.143492851737830551e-02 9.947047347186954713e-01
9.157722630032565092e-02 9.927947897936935107e-01
9.171952408327299633e-02 9.929732281618335321e-01
9.186182186622032786e-02 9.939087598883834529e-01
9.200411964916765939e-02 9.916352910698194023e-01
9.214641743211501868e-02 9.960537964728767291e-01
9.228871521506235021e-02 9.921119379880211087e-01
9.243101299800968174e-02 9.921496697762872685e-01
9.257331078095701327e-02 9.928490988068439105e-01
9.271560856390434480e-02 9.958944012654125100e-01
9.285790634685170408e-02 9.946322823451080319e-01
9.300020412979903561e-02 9.945847463560709700e-01
9.314250191274636714e-02 9.949887977548796947e-01
9.328479969569369867e-02 9.928617362345676378e-01
9.342709747864105796e-02 9.948994642519536358e-01
9.356939526158838949e-02 9.922749237716554926e-01
9.371169304453572102e-02 9.938569413551604503e-01
9.385399082748305255e-02 9.951812657131652307e-01
9.399628861043041184e-02 9.915777616900683933e-01
9.413858639337774337e-02 9.960373776690686354e-01
9.428088417632507490e-02 9.928983984630259663e-01
9.442318195927240643e-02 9.917977922095662091e-01
9.456547974221976571e-02 9.929095972214593280e-01
9.470777752516709724e-02 9.919733572066626870e-01
9.485007530811442877e-02 9.955589101830167875e-01
9.499237309106176030e-02 9.922510777591047049e-01
9.513467087400909183e-02 9.935507974561845757e-01
9.527696865695645112e-02 9.937959536288601958e-01
9.541926643990378265e-02 9.928704842375494222e-01
9.556156422285111418e-02 9.919276904756680890e-01
9.570386200579844571e-02 9.916952617361218802e-01
9.584615978874580500e-02 9.944084328138488305e-01
9.598845757169313653e-02 9.953510011051920348e-01
9.613075535464046806e-02 9.950451869692731321e-01
9.627305313758779959e-02 9.932505041539099189e-01
9.641535092053515887e-02 9.931749232399468275e-01
9.655764870348249040e-02 9.932839517422127340e-01
9.669994648642982193e-02 9.923366866282429255e-01
9.684224426937715346e-02 9.933592131845315754e-01
9.698454205232451275e-02 9.937187623186903851e-01
9.712683983527184428e-02 9.912645499032518570e-01
9.726913761821917581e-02 9.906000955074099057e-01
9.741143540116650734e-02 9.896008041437216463e-01
9.755373318411383887e-02 9.908475914821605057e-01
9.769603096706119816e-02 9.917008599413029701e-01
9.783832875000852969e-02 9.950748792501999951e-01
9.798062653295586122e-02 9.942343975854789351e-01
9.812292431590319275e-02 9.945208409520083226e-01
9.826522209885055203e-02 9.936354729842925559e-01
9.840751988179788357e-02 9.914580159313779451e-01
9.854981766474521510e-02 9.925122624593095688e-01
9.869211544769254663e-02 9.938971791306688841e-01
9.883441323063990591e-02 9.924542414623105380e-01
9.897671101358723744e-02 9.928736416606466220e-01
9.911900879653456897e-02 9.934348706534781304e-01
9.926130657948190050e-02 9.919485030466241859e-01
9.940360436242925979e-02 9.936326678247126010e-01
9.954590214537659132e-02 9.946960457796385491e-01
9.968819992832392285e-02 9.928082803187449068e-01
9.983049771127125438e-02 9.908136033072552085e-01
9.997279549421858591e-02 9.922289703283349027e-01
1.001150932771659452e-01 9.937547659972730818e-01
1.002573910601132767e-01 9.943373317129446942e-01
1.003996888430606083e-01 9.916577717751735577e-01
1.005419866260079398e-01 9.942338593857318330e-01
1.006842844089552991e-01 9.949662416662417019e-01
1.008265821919026306e-01 9.938620624544473037e-01
1.009688799748499621e-01 9.930543300754934855e-01
1.011111777577972937e-01 9.926939040421070004e-01
1.012534755407446529e-01 9.945555095169005266e-01
1.013957733236919845e-01 9.934552701220857873e-01
1.015380711066393160e-01 9.934057721613539504e-01
1.016803688895866475e-01 9.924728081779669031e-01
1.018226666725340068e-01 9.936839155834006343e-01
1.019649644554813384e-01 9.930495913952583908e-01
1.021072622384286699e-01 9.949551109095325918e-01
1.022495600213760014e-01 9.932315033353846800e-01
1.023918578043233329e-01 9.924595985063021653e-01
1.025341555872706922e-01 9.928512571277587906e-01
1.026764533702180238e-01 9.933143089139352400e-01
1.028187511531653553e-01 9.912084977691426602e-01
1.029610489361126868e-01 9.924745056232605611e-01
1.031033467190600461e-01 9.905204290379775456e-01
1.032456445020073776e-01 9.936129301517899748e-01
1.033879422849547092e-01 9.936500953869431552e-01
1.035302400679020407e-01 9.933529665793477959e-01
1.036725378508494000e-01 9.951137076096427947e-01
1.038148356337967315e-01 9.934717768477242528e-01
1.039571334167440630e-01 9.931244325614084767e-01
1.040994311996913946e-01 9.931366459160467786e-01
1.042417289826387539e-01 9.943781965022476799e-01
1.043840267655860854e-01 9.927819988525007355e-01
1.045263245485334169e-01 9.941420211920958261e-01
1.046686223314807485e-01 9.949562747980024158e-01
1.048109201144280800e-01 9.913911458813968736e-01
1.049532178973754393e-01 9.943028802186369974e-01
1.050955156803227708e-01 9.952178605209827111e-01
1.052378134632701023e-01 9.933984410748735172e-01
1.053801112462174339e-01 9.950458673724089653e-01
1.055224090291647931e-01 9.908685781491974875e-01
1.056647068121121247e-01 9.913649121754533056e-01
1.058070045950594562e-01 9.905666634715968311e-01
1.059493023780067877e-01 9.920564883399833889e-01
1.060916001609541470e-01 9.928049736682643678e-01
1.062338979439014786e-01 9.889819089312748002e-01
1.063761957268488101e-01 9.934580257365370759e-01
1.065184935097961416e-01 9.915946745251055239e-01
1.066607912927435009e-01 9.929618903793399065e-01
1.068030890756908324e-01 9.899809702534647649e-01
1.069453868586381640e-01 9.947401327156496498e-01
1.070876846415854955e-01 9.942295080796597073e-01
1.072299824245328270e-01 9.925761060886469922e-01
1.073722802074801863e-01 9.941714829652964491e-01
1.075145779904275178e-01 9.908241204623389198e-01
1.076568757733748494e-01 9.923192167503163130e-01
1.077991735563221809e-01 9.925325052584084151e-01
1.079414713392695402e-01 9.915999197206517568e-01
1.080837691222168717e-01 9.942062550591066472e-01
1.082260669051642032e-01 9.933767271608677785e-01
1.083683646881115348e-01 9.934195226962098113e-01
1.085106624710588941e-01 9.935904954378156351e-01
1.086529602540062256e-01 9.941972189654256775e-01
1.087952580369535571e-01 9.926340650238982821e-01
1.089375558199008887e-01 9.911011531811552144e-01
1.090798536028482479e-01 9.946766975048921822e-01
1.092221513857955795e-01 9.921824783929936720e-01
1.093644491687429110e-01 9.898199703010256423e-01
1.095067469516902425e-01 9.936163599685748915e-01
1.096490447346375741e-01 9.950100192123232379e-01
1.097913425175849333e-01 9.938804088523659486e-01
1.099336403005322649e-01 9.942664260859013226e-01
1.100759380834795964e-01 9.915782737170999450e-01
1.102182358664269279e-01 9.931549244367229301e-01
1.103605336493742872e-01 9.921127443302099058e-01
1.105028314323216188e-01 9.939216756460144131e-01
1.106451292152689503e-01 9.930025873574486184e-01
1.107874269982162818e-01 9.941201179446522707e-01
1.109297247811636411e-01 9.932406683629959598e-01
1.110720225641109726e-01 9.931449007921260286e-01
1.112143203470583042e-01 9.932939754692524659e-01
1.113566181300056357e-01 9.938898376714492278e-01
1.114989159129529950e-01 9.939457266675434388e-01
1.116412136959003265e-01 9.922781208131191688e-01
1.117835114788476580e-01 9.927173892345583228e-01
1.119258092617949896e-01 9.931264062784267432e-01
1.120681070447423211e-01 9.933217324583963892e-01
1.122104048276896804e-01 9.942944163842745153e-01
1.123527026106370119e-01 9.937660775914803901e-01
1.124950003935843434e-01 9.929438253533187098e-01
1.126372981765316750e-01 9.957000981778525439e-01
1.127795959594790343e-01 9.951275322205209717e-01
1.129218937424263658e-01 9.921128589974810286e-01
1.130641915253736973e-01 9.909931874591010326e-01
1.132064893083210289e-01 9.925668880143341255e-01
1.133487870912683881e-01 9.917925652109358392e-01
1.134910848742157197e-01 9.940483516718406909e-01
1.136333826571630512e-01 9.915000191962142218e-01
1.137756804401103827e-01 9.929178373851126338e-01
1.139179782230577420e-01 9.921985650711112603e-01
1.140602760060050735e-01 9.938680764280352076e-01
1.142025737889524051e-01 9.929550939844088431e-01
1.143448715718997366e-01 9.941645787600617012e-01
1.144871693548470681e-01 9.928508055156077816e-01
1.146294671377944274e-01 9.932658186716469828e-01
1.147717649207417590e-01 9.923345553090757720e-01
1.149140627036890905e-01 9.954733558047486053e-01
1.150563604866364220e-01 9.943006938563616615e-01
1.151986582695837813e-01 9.936097389445519568e-01
1.153409560525311128e-01 9.923997886709380323e-01
1.154832538354784444e-01 9.929096727954649371e-01
1.156255516184257759e-01 9.940871845832454090e-01
1.157678494013731352e-01 9.918765173522223755e-01
1.159101471843204667e-01 9.937278162928767644e-01
1.160524449672677982e-01 9.917146367307608790e-01
1.161947427502151298e-01 9.921849124033758072e-01
1.163370405331624891e-01 9.925905252119261446e-01
1.164793383161098206e-01 9.909081593415727252e-01
1.166216360990571521e-01 9.937499812553308720e-01
1.167639338820044836e-01 9.921469461801971645e-01
1.169062316649518152e-01 9.912025485427558014e-01
1.170485294478991745e-01 9.947230792490590057e-01
1.171908272308465060e-01 9.940180880922889761e-01
1.173331250137938375e-01 9.937865009080989465e-01
1.174754227967411691e-01 9.925543693455463057e-01
1.176177205796885283e-01 9.938398489828894622e-01
1.177600183626358599e-01 9.919700122146967169e-01
1.179023161455831914e-01 9.901703355749882363e-01
1.180446139285305229e-01 9.939935703357756225e-01
1.181869117114778822e-01 9.928494602126632929e-01
1.183292094944252137e-01 9.953146475545359140e-01
1.184715072773725453e-01 9.948851244775577252e-01
1.186138050603198768e-01 9.933268969880102439e-01
1.187561028432672361e-01 9.935830440609753067e-01
1.188984006262145676e-01 9.921979569142007627e-01
1.190406984091618992e-01 9.930563837376510383e-01
1.191829961921092307e-01 9.925044820530103395e-01
1.193252939750565622e-01 9.922089263530708969e-01
1.194675917580039215e-01 9.931435541315658533e-01
1.196098895409512530e-01 9.953253352063603510e-01
1.197521873238985846e-01 9.926750886467128332e-01
1.198944851068459161e-01 9.919970458471580876e-01
1.200367828897932754e-01 9.934724939863365245e-01
1.201790806727406069e-01 9.952057129495419652e-01
1.203213784556879384e-01 9.935202662836285503e-01
1.204636762386352700e-01 9.936822506998648219e-01
1.206059740215826293e-01 9.919741659771542652e-01
1.207482718045299608e-01 9.945820281018411535e-01
1.208905695874772923e-01 9.932407688546651681e-01
1.210328673704246238e-01 9.946600918387343837e-01
1.211751651533719831e-01 9.931297401006529135e-01
1.213174629363193147e-01 9.948446624202550437e-01
1.214597607192666462e-01 9.931675477502649452e-01
1.216020585022139916e-01 9.935322589652534342e-01
1.217443562851613231e-01 9.941146158184801518e-01
1.218866540681086547e-01 9.918226459208095980e-01
1.220289518510559862e-01 9.931985090377588588e-01
1.221712496340033455e-01 9.919976814972912837e-01
1.223135474169506770e-01 9.908769925074468743e-01
1.224558451998980085e-01 9.909648231171973576e-01
1.225981429828453401e-01 9.911565224087792725e-01
1.227404407657926994e-01 9.914552207681506246e-01
1.228827385487400309e-01 9.930184352484620058e-01
1.230250363316873624e-01 9.919148735139172723e-01
1.231673341146346939e-01 9.920874802171293361e-01
1.233096318975820532e-01 9.927848090270994241e-01
1.234519296805293848e-01 9.913320924662843980e-01
1.235942274634767163e-01 9.945420406217475584e-01
1.237365252464240478e-01 9.947994958319655856e-01
1.238788230293713793e-01 9.925607502821375272e-01
1.240211208123187386e-01 9.923691101429478190e-01
1.241634185952660702e-01 9.955268669287599126e-01
1.243057163782134017e-01 9.919026857646432438e-01
1.244480141611607332e-01 9.916931399263392288e-01
1.245903119441080925e-01 9.918142292834254414e-01
1.247326097270554240e-01 9.960221235145533258e-01
1.248749075100027556e-01 9.934793825210345153e-01
1.250172052929500732e-01 9.938373905926437546e-01
1.251595030758974603e-01 9.933872319201106915e-01
1.253018008588447918e-01 9.944942079745408003e-01
1.254440986417921233e-01 9.945401381428654597e-01
1.255863964247394549e-01 9.942563988189150326e-01
1.257286942076867864e-01 9.928121956411748439e-01
1.258709919906341179e-01 9.921866795546517848e-01
1.260132897735814494e-01 9.918949570852317876e-01
1.261555875565287810e-01 9.939567627475837108e-01
1.262978853394761125e-01 9.944020571432160560e-01
1.264401831224234996e-01 9.918068447517713881e-01
1.265824809053708311e-01 9.899383107923866998e-01
1.267247786883181626e-01 9.940974446617132365e-01
1.268670764712654941e-01 9.932550777424832278e-01
1.270093742542128257e-01 9.939856637694062247e-01
1.271516720371601572e-01 9.924018614763852053e-01
1.272939698201074887e-01 9.932978383588410010e-01
1.274362676030548203e-01 9.935443583987639826e-01
1.275785653860022073e-01 9.945319440999959015e-01
1.277208631689495388e-01 9.936318612461527700e-01
1.278631609518968704e-01 9.909040419067713934e-01
1.280054587348442019e-01 9.927097427279385489e-01
1.281477565177915334e-01 9.900923081319795704e-01
1.282900543007388650e-01 9.930519474150775183e-01
1.284323520836861965e-01 9.937725700515229743e-01
1.285746498666335280e-01 9.931300431166489862e-01
1.287169476495808595e-01 9.914068703099289115e-01
1.288592454325282466e-01 9.934882994654690158e-01
1.290015432154755781e-01 9.936054762008397212e-01
1.291438409984229096e-01 9.941732109516878690e-01
1.292861387813702412e-01 9.906693684834361191e-01
1.294284365643175727e-01 9.956118091682260030e-01
1.295707343472649042e-01 9.935292320462395521e-01
1.297130321302122358e-01 9.950168688697850206e-01
1.298553299131595673e-01 9.918763570085137316e-01
1.299976276961069543e-01 9.936276549861927654e-01
1.301399254790542859e-01 9.925097960521388485e-01
1.302822232620016174e-01 9.920104018429795056e-01
1.304245210449489489e-01 9.921901671206526663e-01
1.305668188278962805e-01 9.924220194121340377e-01
1.307091166108436120e-01 9.951229997439329233e-01
1.308514143937909435e-01 9.924587363222360237e-01
1.309937121767382751e-01 9.932360537263614786e-01
1.311360099596856066e-01 9.932106682938859343e-01
1.312783077426329936e-01 9.925995136082059744e-01
1.314206055255803252e-01 9.928592915769062222e-01
1.315629033085276567e-01 9.938322381322653998e-01
1.317052010914749882e-01 9.946753584028654727e-01
1.318474988744223197e-01 9.948539560792760694e-01
1.319897966573696513e-01 9.954251163602064745e-01
1.321320944403169828e-01 9.918468714280217480e-01
1.322743922232643143e-01 9.950877120085783734e-01
1.324166900062117014e-01 9.955300876185113612e-01
1.325589877891590329e-01 9.945974198794296228e-01
1.327012855721063644e-01 9.955020474401402586e-01
1.328435833550536960e-01 9.917890656411488814e-01
1.329858811380010275e-01 9.938239002895224994e-01
1.331281789209483590e-01 9.896368735294349683e-01
1.332704767038956906e-01 9.954571979036401785e-01
1.334127744868430221e-01 9.942694195251020606e-01
1.335550722697903536e-01 9.954455203540319985e-01
1.336973700527377407e-01 9.906462270530173031e-01
1.338396678356850722e-01 9.932559433484449141e-01
1.339819656186324037e-01 9.923731863696143574e-01
1.341242634015797353e-01 9.952914959537674244e-01
1.342665611845270668e-01 9.912875646226283477e-01
1.344088589674743983e-01 9.927576815299049562e-01
1.345511567504217298e-01 9.930629341111206765e-01
1.346934545333690614e-01 9.937331192239188260e-01
1.348357523163164484e-01 9.935847350993832761e-01
1.349780500992637799e-01 9.933844002913113647e-01
1.351203478822111115e-01 9.902659665046045223e-01
1.352626456651584430e-01 9.926615659555330096e-01
1.354049434481057745e-01 9.924982771402798276e-01
1.355472412310531061e-01 9.945340657905638038e-01
1.356895390140004376e-01 9.941414579859795264e-01
1.358318367969477691e-01 9.934207796001803814e-01
1.359741345798951007e-01 9.930505490383717548e-01
1.361164323628424877e-01 9.929113800608798668e-01
1.362587301457898192e-01 9.924456903112751638e-01
1.364010279287371508e-01 9.915627120689379792e-01
1.365433257116844823e-01 9.920479919599299867e-01
1.366856234946318138e-01 9.907874136447208935e-01
1.368279212775791454e-01 9.913255015027407913e-01
1.369702190605264769e-01 9.927180492217756447e-01
1.371125168434738084e-01 9.928225236022101274e-01
1.372548146264211955e-01 9.937255835034957130e-01
1.373971124093685270e-01 9.915007485051435809e-01
1.375394101923158585e-01 9.950196141459576316e-01
1.376817079752631900e-01 9.923999506076842669e-01
1.378240057582105216e-01 9.942002279576986901e-01
1.379663035411578531e-01 9.918244754962831644e-01
1.381086013241051846e-01 9.919218696027075621e-01
1.382508991070525162e-01 9.934145217609294809e-01
1.383931968899999032e-01 9.922459749310466037e-01
1.385354946729472347e-01 9.929273490409650238e-01
1.386777924558945663e-01 9.918306344261170748e-01
1.388200902388418978e-01 9.937735684976968242e-01
1.389623880217892293e-01 9.969008020950671511e-01
1.391046858047365609e-01 9.925165233428691058e-01
1.392469835876838924e-01 9.924162977404742403e-01
1.393892813706312239e-01 9.951097798551657991e-01
1.395315791535785555e-01 9.943716442369423536e-01
1.396738769365259425e-01 9.919003845032728917e-01
1.398161747194732740e-01 9.936169404260885019e-01
1.399584725024206056e-01 9.933341041352574674e-01
1.401007702853679371e-01 9.910183964979256688e-01
1.402430680683152686e-01 9.931809387229031394e-01
1.403853658512626001e-01 9.938639525182836332e-01
1.405276636342099317e-01 9.913518897261462959e-01
1.406699614171572632e-01 9.921872534733949811e-01
1.408122592001046502e-01 9.932111831734494745e-01
1.409545569830519818e-01 9.917253792900466713e-01
1.410968547659993133e-01 9.933164613314712232e-01
1.412391525489466448e-01 9.958260075274658618e-01
1.413814503318939764e-01 9.939511033540683327e-01
1.415237481148413079e-01 9.961071856179157802e-01
1.416660458977886394e-01 9.928127501510061181e-01
1.418083436807359710e-01 9.920554325187274092e-01
1.419506414636833025e-01 9.906543234691896904e-01
1.420929392466306895e-01 9.926736259133628337e-01
1.422352370295780211e-01 9.923440083526421374e-01
1.423775348125253526e-01 9.941880071637967387e-01
1.425198325954726841e-01 9.948657308146791056e-01
1.426621303784200157e-01 9.929583066725876650e-01
1.428044281613673472e-01 9.935262290617754566e-01
1.429467259443146787e-01 9.941625960334412593e-01
1.430890237272620102e-01 9.922134792498604750e-01
1.432313215102093973e-01 9.949386803717999994e-01
1.433736192931567288e-01 9.926793946011917003e-01
1.435159170761040603e-01 9.930295733095115818e-01
1.436582148590513919e-01 9.959768565238924509e-01
1.438005126419987234e-01 9.948983235628278132e-01
1.439428104249460549e-01 9.929590882268333196e-01
1.440851082078933865e-01 9.924578754976194350e-01
1.442274059908407180e-01 9.935538637277370189e-01
1.443697037737880495e-01 9.957773635040042537e-01
1.445120015567354366e-01 9.943353010958170257e-01
1.446542993396827681e-01 9.911031605332127903e-01
1.447965971226300996e-01 9.945901521926265865e-01
1.449388949055774312e-01 9.962287474725701752e-01
1.450811926885247627e-01 9.920329260255442705e-01
1.452234904714720942e-01 9.954364504619817033e-01
1.453657882544194258e-01 9.945247895895322765e-01
1.455080860373667573e-01 9.936744961630930018e-01
1.456503838203141443e-01 9.957815160677817579e-01
1.457926816032614759e-01 9.932441470868348388e-01
1.459349793862088074e-01 9.937250749768653524e-01
1.460772771691561389e-01 9.930938092997094735e-01
1.462195749521034704e-01 9.975775839274592105e-01
1.463618727350508020e-01 9.931476606003990515e-01
1.465041705179981335e-01 9.942542179466392627e-01
1.466464683009454650e-01 9.949094028497859066e-01
1.467887660838927966e-01 9.929219381559130087e-01
1.469310638668401836e-01 9.941559393224347341e-01
1.470733616497875151e-01 9.934467340100703314e-01
1.472156594327348467e-01 9.942058079140684290e-01
1.473579572156821782e-01 9.961265493493922651e-01
1.475002549986295097e-01 9.954844262510004205e-01
1.476425527815768413e-01 9.962026774435338572e-01
1.477848505645241728e-01 9.951072677509749109e-01
1.479271483474715043e-01 9.972417536406600336e-01
1.480694461304188914e-01 9.959993759831271554e-01
1.482117439133662229e-01 9.950470276614584719e-01
1.483540416963135544e-01 9.952176579573668302e-01
1.484963394792608860e-01 9.950950457539834426e-01
1.486386372622082175e-01 1.000427987678556452e+00
1.487809350451555490e-01 9.974775788181220459e-01
1.489232328281028805e-01 9.979593706634077854e-01
1.490655306110502121e-01 9.974853240002210519e-01
1.492078283939975436e-01 9.982357226518919768e-01
1.493501261769449306e-01 9.993311834732869769e-01
1.494924239598922622e-01 9.989304188997899514e-01
1.496347217428395937e-01 1.001622780172621630e+00
1.497770195257869252e-01 9.978044953976272780e-01
1.499193173087342568e-01 9.997576995748012063e-01
1.500616150916815883e-01 9.972843090137684108e-01
1.502039128746289198e-01 1.000201424482224155e+00
1.503462106575762514e-01 9.963995789737423170e-01
1.504885084405236384e-01 9.968525260015291822e-01
1.506308062234709699e-01 1.000456434073520029e+00
1.507731040064183015e-01 9.988306353380842495e-01
1.509154017893656330e-01 1.001662850087905232e+00
1.510576995723129645e-01 9.998997799247817397e-01
1.511999973552602961e-01 1.000103702264611760e+00
1.513422951382076276e-01 9.998276941707588961e-01
1.514845929211549591e-01 1.001280289359948172e+00
1.516268907041022906e-01 9.997241324413604913e-01
1.517691884870496777e-01 9.991797465697500602e-01
1.519114862699970092e-01 1.000871408844611343e+00
1.520537840529443407e-01 9.985246635466090703e-01
1.521960818358916723e-01 1.001048497346029631e+00
1.523383796188390038e-01 1.002954157782316669e+00
1.524806774017863353e-01 9.990312650675623463e-01
1.526229751847336669e-01 9.994142464314854646e-01
1.527652729676809984e-01 1.000288845895701995e+00
1.529075707506283854e-01 9.998299829317185416e-01
1.530498685335757170e-01 9.974444817412657649e-01
1.531921663165230485e-01 9.980581996801055622e-01
1.533344640994703800e-01 9.996841249214495351e-01
1.534767618824177116e-01 1.001104921074513765e+00
1.536190596653650431e-01 9.994946046257425776e-01
1.537613574483123746e-01 1.000159403681442738e+00
1.539036552312597061e-01 1.000239825889776224e+00
1.540459530142070377e-01 9.994825572145861203e-01
1.541882507971544247e-01 9.987296286639411047e-01
1.543305485801017563e-01 9.985677295716861579e-01
1.544728463630490878e-01 1.000497737342128213e+00
1.546151441459964193e-01 1.001644720878571260e+00
1.547574419289437508e-01 9.994845227046665892e-01
1.548997397118910824e-01 9.989756206854498721e-01
1.550420374948384139e-01 1.000873805686277818e+00
1.551843352777858009e-01 9.999077322330155448e-01
1.553266330607331325e-01 9.999393856524374513e-01
1.554689308436804640e-01 1.001317518045896637e+00
1.556112286266277955e-01 9.986756654826931534e-01
1.557535264095751271e-01 9.996434010401280545e-01
1.558958241925224586e-01 1.001732354389096802e+00
1.560381219754697901e-01 1.000291382081111013e+00
1.561804197584171217e-01 9.972122910479741531e-01
1.563227175413644532e-01 1.002391661375120702e+00
1.564650153243118402e-01 9.988582598012789582e-01
1.566073131072591718e-01 9.992311707661708509e-01
1.567496108902065033e-01 1.002293898957712814e+00
1.568919086731538348e-01 9.983390313605403632e-01
1.570342064561011663e-01 1.002118534077466983e+00
1.571765042390484979e-01 9.980859073086838507e-01
1.573188020219958294e-01 1.000008418886979111e+00
1.574610998049431609e-01 1.000037331466463897e+00
1.576033975878905480e-01 9.992558824877272317e-01
1.577456953708378795e-01 9.975428599129397833e-01
1.578879931537852110e-01 9.984439558875258802e-01
1.580302909367325426e-01 9.986314886813836278e-01
1.581725887196798741e-01 1.000403431021702927e+00
1.583148865026272056e-01 1.000906287362893332e+00
1.584571842855745372e-01 9.974094521194675211e-01
1.585994820685218687e-01 1.000649642328735878e+00
1.587417798514692002e-01 9.987004557091738732e-01
1.588840776344165873e-01 1.002290051181508268e+00
1.590263754173639188e-01 9.996644277461781414e-01
1.591686732003112503e-01 9.999953527242362306e-01
1.593109709832585819e-01 1.001006261890950988e+00
1.594532687662059134e-01 9.993098760045708850e-01
1.595955665491532449e-01 9.995377437130205101e-01
1.597378643321005764e-01 9.983888398278517595e-01
1.598801621150479080e-01 1.001924707786347790e+00
1.600224598979952950e-01 9.986455237070401836e-01
1.601647576809426265e-01 9.982588127656587540e-01
1.603070554638899581e-01 9.990941722273036785e-01
1.604493532468372896e-01 9.988927828582976343e-01
1.605916510297846211e-01 1.000822610638293808e+00
1.607339488127319527e-01 1.002306218309468422e+00
1.608762465956792842e-01 9.976694743329288517e-01
1.610185443786266157e-01 9.977953387566548260e-01
1.611608421615739473e-01 1.000446326729062640e+00
1.613031399445213343e-01 1.001350766563849692e+00
1.614454377274686658e-01 1.000777568826692887e+00
1.615877355104159974e-01 9.980558821971743377e-01
1.617300332933633289e-01 1.000571240435412568e+00
1.618723310763106604e-01 1.002196582201200226e+00
1.620146288592579920e-01 9.973983303819340396e-01
1.621569266422053235e-01 1.000360749177120034e+00
1.622992244251526550e-01 1.001478224291378227e+00
1.624415222081000421e-01 1.000037506234171980e+00
1.625838199910473736e-01 9.994300431253215766e-01
1.627261177739947051e-01 9.999562057684771021e-01
1.628684155569420366e-01 9.984373469758264230e-01
1.630107133398893682e-01 1.000224649144773936e+00
1.631530111228366997e-01 1.000495083200597879e+00
1.632953089057840312e-01 1.000535621801424302e+00
1.634376066887313628e-01 1.001025557678497435e+00
1.635799044716786943e-01 9.968636816351261754e-01
1.637222022546260813e-01 9.981034735218932141e-01
1.638645000375734129e-01 1.001319570374101131e+00
1.640067978205207444e-01 1.002166542020534346e+00
1.641490956034680759e-01 1.001213857984960987e+00
1.642913933864154075e-01 9.985716252760855616e-01
1.644336911693627390e-01 9.989166795637798302e-01
1.645759889523100705e-01 1.001212338997965690e+00
1.647182867352574021e-01 1.000485849006218730e+00
1.648605845182047891e-01 9.994673431153303644e-01
1.650028823011521206e-01 9.993309469084207253e-01
1.651451800840994522e-01 9.997178360338140335e-01
1.652874778670467837e-01 1.000738499637170431e+00
1.654297756499941152e-01 9.996183309169485165e-01
1.655720734329414467e-01 9.994693536084359176e-01
1.657143712158887783e-01 1.001104704134497370e+00
1.658566689988361098e-01 1.001057344548217154e+00
1.659989667817834413e-01 1.002436386897217924e+00
1.661412645647308284e-01 1.001336947581163761e+00
1.662835623476781599e-01 1.000560298154604899e+00
1.664258601306254914e-01 9.992695509260841602e-01
1.665681579135728230e-01 9.987697534427930623e-01
1.667104556965201545e-01 1.000131884817889505e+00
1.668527534794674860e-01 1.001584754252136555e+00
1.669950512624148176e-01 9.983196482592787691e-01
1.671373490453621491e-01 9.994687061209001078e-01
1.672796468283095361e-01 9.995885708710526840e-01
1.674219446112568677e-01 9.982475623258202369e-01
1.675642423942041992e-01 1.000944482192630547e+00
1.677065401771515307e-01 1.000575616720209782e+00
1.678488379600988623e-01 1.000198509264217162e+00
1.679911357430461938e-01 9.984924170691336087e-01
1.681334335259935253e-01 9.990247189851154674e-01
1.682757313089408568e-01 1.000440797463068687e+00
1.684180290918881884e-01 9.987368424348062046e-01
1.685603268748355754e-01 1.000858910579495387e+00
1.687026246577829069e-01 1.000535089846849468e+00
1.688449224407302385e-01 9.999549306316347641e-01
1.689872202236775700e-01 9.995302120354747633e-01
1.691295180066249015e-01 1.000198116957300432e+00
1.692718157895722331e-01 9.985342609121432567e-01
1.694141135725195646e-01 1.000868118839432386e+00
1.695564113554668961e-01 9.977746277826571308e-01
1.696987091384142832e-01 1.000425516057876774e+00
1.698410069213616147e-01 9.986924792807827522e-01
1.699833047043089462e-01 1.001891086769317374e+00
1.701256024872562778e-01 1.000221304708312831e+00
1.702679002702036093e-01 1.003118318742865389e+00
1.704101980531509408e-01 9.994356752231523533e-01
1.705524958360982724e-01 9.993018328006960660e-01
1.706947936190456039e-01 1.002778981302984374e+00
1.708370914019929354e-01 1.000562396568609236e+00
1.709793891849403225e-01 9.994786628877265766e-01
1.711216869678876540e-01 1.000918608046740044e+00
1.712639847508349855e-01 1.001347475607491155e+00
1.714062825337823170e-01 9.995762776866371491e-01
1.715485803167296486e-01 9.997089742528998402e-01
1.716908780996769801e-01 1.000191246042156479e+00
1.718331758826243116e-01 1.000910404539630871e+00
1.719754736655716432e-01 1.001976171409489469e+00
1.721177714485190302e-01 9.988749744601139735e-01
1.722600692314663617e-01 9.979424779566664627e-01
1.724023670144136933e-01 1.001280788615503736e+00
1.725446647973610248e-01 1.000396811867207525e+00
1.726869625803083563e-01 9.983684581529134183e-01
1.728292603632556879e-01 9.968068184086804617e-01
1.729715581462030194e-01 1.000827285630261576e+00
1.731138559291503509e-01 9.990981976395786335e-01
1.732561537120976825e-01 9.995672235908971137e-01
1.733984514950450695e-01 1.001772118710941406e+00
1.735407492779924010e-01 1.001110915016994340e+00
1.736830470609397326e-01 1.002175741241108753e+00
1.738253448438870641e-01 1.000609284425165058e+00
1.739676426268343956e-01 1.002724171886870241e+00
1.741099404097817271e-01 1.001086481869784439e+00
1.742522381927290587e-01 9.984722318859583501e-01
1.743945359756763902e-01 1.000046309585465698e+00
1.745368337586237772e-01 1.000247150202458801e+00
1.746791315415711088e-01 9.988309446292180649e-01
1.748214293245184403e-01 1.003093434991956467e+00
1.749637271074657718e-01 9.983048397737235291e-01
1.751060248904131034e-01 1.000323513446535140e+00
1.752483226733604349e-01 9.997829173702466043e-01
1.753906204563077664e-01 1.000374153597723970e+00
1.755329182392550980e-01 1.000813296597101276e+00
1.756752160222024295e-01 1.002443432361142417e+00
1.758175138051498165e-01 9.989677507348029284e-01
1.759598115880971481e-01 1.002638821260236623e+00
1.761021093710444796e-01 1.001171482229340048e+00
1.762444071539918111e-01 1.001151116974302813e+00
1.763867049369391427e-01 9.999280370172856092e-01
1.765290027198864742e-01 1.001522638337394300e+00
1.766713005028338057e-01 1.002109240888688024e+00
1.768135982857811372e-01 9.991488766777795183e-01
1.769558960687285243e-01 9.987024828186333858e-01
1.770981938516758558e-01 1.001334750871341939e+00
1.772404916346231873e-01 9.999065520194649892e-01
1.773827894175705189e-01 1.000169542623623231e+00
1.775250872005178504e-01 1.000552364060230959e+00
1.776673849834651819e-01 1.000985776016967588e+00
1.778096827664125135e-01 9.999210959891631223e-01
1.779519805493598450e-01 9.994504852706687092e-01
1.780942783323071765e-01 9.987106684184150485e-01
1.782365761152545636e-01 9.983496643685189076e-01
1.783788738982018951e-01 9.991315623062789752e-01
1.785211716811492266e-01 9.997023233881974225e-01
1.786634694640965582e-01 1.000484097005519546e+00
1.788057672470438897e-01 9.974319578172463618e-01
1.789480650299912212e-01 1.000289626248869190e+00
1.790903628129385528e-01 1.000909948660086313e+00
1.792326605958858843e-01 9.995096313495430707e-01
1.793749583788332713e-01 9.983076224346387750e-01
1.795172561617806029e-01 9.996387901943259990e-01
1.796595539447279344e-01 9.975024085587281819e-01
1.798018517276752659e-01 1.000102443518900319e+00
1.799441495106225974e-01 1.002035738019821043e+00
1.800864472935699290e-01 9.965219797469843099e-01
1.802287450765172605e-01 9.984943584692183016e-01
1.803710428594645920e-01 9.986926284978288049e-01
1.805133406424119236e-01 1.000429248280994221e+00
1.806556384253593106e-01 1.001573877313074679e+00
1.807979362083066421e-01 9.977917186962806939e-01
1.809402339912539737e-01 1.002067572895166458e+00
1.810825317742013052e-01 1.000099193342642412e+00
1.812248295571486367e-01 9.983843866992750948e-01
1.813671273400959683e-01 9.976852956639226111e-01
1.815094251230432998e-01 9.996669883890966224e-01
1.816517229059906313e-01 1.000797176107438791e+00
1.817940206889380184e-01 9.999679951255937560e-01
1.819363184718853499e-01 1.000892100303298005e+00
1.820786162548326814e-01 9.997037127779010435e-01
1.822209140377800130e-01 9.990780266170592450e-01
1.823632118207273445e-01 1.000917827098773971e+00
1.825055096036746760e-01 9.995692264534996596e-01
1.826478073866220075e-01 1.000328095050971866e+00
1.827901051695693391e-01 1.001858056491051752e+00
1.829324029525166706e-01 9.998337733527085103e-01
1.830747007354640576e-01 9.994605548546210416e-01
1.832169985184113892e-01 9.973623021015161072e-01
1.833592963013587207e-01 9.999714785815032592e-01
1.835015940843060522e-01 9.999575143479383366e-01
1.836438918672533838e-01 9.991644039573215341e-01
1.837861896502007153e-01 9.996168046235524018e-01
1.839284874331480468e-01 9.998785730832566720e-01
1.840707852160953784e-01 1.002258459247680644e+00
1.842130829990427654e-01 9.987531957886790490e-01
1.843553807819900969e-01 1.001567270983650282e+00
1.844976785649374285e-01 1.000913535606612337e+00
1.846399763478847600e-01 9.995793617614201487e-01
1.847822741308320915e-01 9.989911904759849470e-01
1.849245719137794230e-01 1.001905886346987407e+00
1.850668696967267546e-01 9.997955318322555573e-01
1.852091674796740861e-01 1.001084828135832883e+00
1.853514652626214176e-01 1.000420616171654453e+00
1.854937630455688047e-01 1.000751186515399516e+00
1.856360608285161362e-01 1.000840461774807233e+00
1.857783586114634677e-01 1.001593291219149862e+00
1.859206563944107993e-01 9.985514109221191870e-01
1.860629541773581308e-01 9.982098094680311728e-01
1.862052519603054623e-01 1.000879069293980628e+00
1.863475497432527939e-01 9.981011260297780741e-01
1.864898475262001254e-01 9.983495046758468217e-01
1.866321453091475124e-01 9.992355580948277805e-01
1.867744430920948440e-01 9.998888219200289251e-01
1.869167408750421755e-01 9.998549277442534411e-01
1.870590386579895070e-01 9.983519143698537102e-01
1.872013364409368386e-01 1.000700638017317790e+00
1.873436342238841701e-01 1.001296184249577337e+00
1.874859320068315016e-01 9.986312376767844112e-01
1.876282297897788331e-01 1.000364657473828078e+00
1.877705275727261647e-01 1.001414829720991939e+00
1.879128253556735517e-01 9.987945706968128778e-01
1.880551231386208832e-01 9.994752663805147597e-01
1.881974209215682148e-01 1.000355490277023085e+00
1.883397187045155463e-01 9.996268594799306850e-01
1.884820164874628778e-01 9.999421689690588533e-01
1.886243142704102094e-01 1.003033689256271455e+00
1.887666120533575409e-01 1.000440484636734517e+00
1.889089098363048724e-01 1.000441164543347528e+00
1.890512076192522595e-01 9.995370528716057690e-01
